0.479182314	0.05769407	0
0.500141804	0.065638484	0
0.521427087	0.085825054	0
0.521584985	0.058138918	0
0.542982675	0.105383913	0
0.542581129	0.076999689	0
0.543543602	0.057192476	0
0.564538263	0.124942773	0
0.564136717	0.096558548	0
0.564182097	0.077045069	0
0.565144569	0.057237856	0
0.58609385	0.144501632	0
0.585692304	0.116117408	0
0.585737684	0.096603928	0
0.585783065	0.077090449	0
0.586935618	0.05647057	0
0.607649438	0.164060492	0
0.607247892	0.135676267	0
0.607293272	0.116162788	0
0.607338652	0.096649308	0
0.607384032	0.077135829	0
0.608537231	0.05623877	0
0.629205025	0.183619351	0
0.62880348	0.155235127	0
0.62884886	0.135721647	0
0.62889424	0.116208168	0
0.62893962	0.096694689	0
0.628985	0.077181209	0
0.630138198	0.05628415	0
0.650760613	0.203178211	0
0.650359067	0.174793986	0
0.650404447	0.155280507	0
0.650449828	0.135767027	0
0.650495208	0.116253548	0
0.650540588	0.096740069	0
0.650585968	0.077226589	0
0.651550778	0.056414137	0
0.66389938	0.052197355	0
0.672316201	0.222737071	0
0.671914655	0.194352846	0
0.671960035	0.174839366	0
0.672005415	0.155325887	0
0.672050795	0.135812408	0
0.672096176	0.116298928	0
0.672141556	0.096785449	0
0.672186936	0.07727197	0
0.677031844	0.058064234	0
0.685500348	0.052242735	0
0.693871788	0.24229593	0
0.693470242	0.213911705	0
0.693515623	0.194398226	0
0.693561003	0.174884746	0
0.693606383	0.155371267	0
0.693651763	0.135857788	0
0.693697143	0.116344308	0
0.693742524	0.096830829	0
0.693787904	0.07731735	0
0.69863327	0.057912508	0
0.708031552	0.051033514	0
0.715427376	0.26185479	0
0.71502583	0.233470565	0
0.71507121	0.213957085	0
0.71511659	0.194443606	0
0.715161971	0.174930127	0
0.715207351	0.155416647	0
0.715252731	0.135903168	0
0.715298111	0.116389689	0
0.715343491	0.096876209	0
0.715388872	0.07736273	0
0.720095261	0.059078641	0
0.728804492	0.050604098	0
0.736982964	0.281413649	0
0.736581418	0.253029424	0
0.736626798	0.233515945	0
0.736672178	0.214002465	0
0.736717558	0.194488986	0
0.736762938	0.174975507	0
0.736808319	0.155462028	0
0.736853699	0.135948548	0
0.736899079	0.116435069	0
0.736944459	0.09692159	0
0.736989839	0.07740811	0
0.741696229	0.059124021	0
0.750405666	0.050560781	0
0.758538551	0.300972509	0
0.758137005	0.272588284	0
0.758182385	0.253074804	0
0.758227766	0.233561325	0
0.758273146	0.214047846	0
0.758318526	0.194534366	0
0.758363906	0.175020887	0
0.758409286	0.155507408	0
0.758454667	0.135993928	0
0.758500047	0.116480449	0
0.758545427	0.09696697	0
0.758590807	0.07745349	0
0.762838275	0.060483069	0
0.772075082	0.049320183	0
0.780094139	0.320531368	0
0.779692593	0.292147143	0
0.779737973	0.272633664	0
0.779783353	0.253120184	0
0.779828733	0.233606705	0
0.779874114	0.214093226	0
0.779919494	0.194579747	0
0.779964874	0.175066267	0
0.780010254	0.155552788	0
0.780055634	0.136039309	0
0.780101015	0.116525829	0
0.780146395	0.09701235	0
0.780191775	0.077498871	0
0.784439242	0.06052845	0
0.79367605	0.049365563	0
0.801649726	0.340090228	0
0.801248181	0.311706003	0
0.801293561	0.292192523	0
0.801338941	0.272679044	0
0.801384321	0.253165565	0
0.801429701	0.233652085	0
0.801475081	0.214138606	0
0.801520462	0.194625127	0
0.801565842	0.175111647	0
0.801611222	0.155598168	0
0.801656602	0.136084689	0
0.801701982	0.116571209	0
0.801747363	0.09705773	0
0.801792743	0.077544251	0
0.80604021	0.06057383	0
0.815606249	0.048575826	0
0.823205314	0.359649087	0
0.822803768	0.331264862	0
0.822849148	0.311751383	0
0.822894529	0.292237904	0
0.822939909	0.272724424	0
0.822985289	0.253210945	0
0.823030669	0.233697466	0
0.823076049	0.214183986	0
0.823121429	0.194670507	0
0.82316681	0.175157028	0
0.82321219	0.155643548	0
0.82325757	0.136130069	0
0.82330295	0.11661659	0
0.82334833	0.09710311	0
0.823393711	0.077589631	0
0.826701651	0.062517909	0
0.836927467	0.048284345	0
0.844760902	0.379207947	0
0.844359356	0.350823722	0
0.844404736	0.331310242	0
0.844450116	0.311796763	0
0.844495496	0.292283284	0
0.844540877	0.272769804	0
0.844586257	0.253256325	0
0.844631637	0.233742846	0
0.844677017	0.214229366	0
0.844722397	0.194715887	0
0.844767777	0.175202408	0
0.844813158	0.155688928	0
0.844858538	0.136175449	0
0.844903918	0.11666197	0
0.844949298	0.09714849	0
0.844994678	0.077635011	0
0.848302619	0.062563289	0
0.858528434	0.048329726	0
0.866316489	0.398766806	0
0.865914943	0.370382581	0
0.865960324	0.350869102	0
0.866005704	0.331355623	0
0.866051084	0.311842143	0
0.866096464	0.292328664	0
0.866141844	0.272815185	0
0.866187225	0.253301705	0
0.866232605	0.233788226	0
0.866277985	0.214274747	0
0.866323365	0.194761267	0
0.866368745	0.175247788	0
0.866414125	0.155734309	0
0.866459506	0.136220829	0
0.866504886	0.11670735	0
0.866550266	0.097193871	0
0.866595646	0.077680391	0
0.869903587	0.062608669	0
0.88028121	0.047433536	0
0.887872077	0.418325666	0
0.887470531	0.389941441	0
0.887515911	0.370427961	0
0.887561291	0.350914482	0
0.887606672	0.331401003	0
0.887652052	0.311887523	0
0.887697432	0.292374044	0
0.887742812	0.272860565	0
0.887788192	0.253347085	0
0.887833573	0.233833606	0
0.887878953	0.214320127	0
0.887924333	0.194806647	0
0.887969713	0.175293168	0
0.888015093	0.155779689	0
0.888060473	0.136266209	0
0.888105854	0.11675273	0
0.888151234	0.097239251	0
0.888196614	0.077725771	0
0.891504554	0.06265405	0
0.90188259	0.047301521	0
0.907464264	0.435375984	0
0.907067437	0.40732801	0
0.908094587	0.387856015	0
0.908139967	0.368342536	0
0.908185348	0.348829056	0
0.90921289	0.329188625	0
0.90925827	0.309675146	0
0.90930365	0.290161666	0
0.909349031	0.270648187	0
0.909394411	0.251134708	0
0.909439791	0.231621228	0
0.909485171	0.212107749	0
0.909530551	0.19259427	0
0.909575932	0.17308079	0
0.909621312	0.153567311	0
0.909666692	0.134053832	0
0.909712072	0.114540352	0
0.909757452	0.095026873	0
0.909802832	0.075513394	0
0.913115148	0.058560207	0
0.921201337	0.045727347	0
0.921134377	0.269382792	0
0.921179757	0.249869313	0
0.921225137	0.230355834	0
0.922254442	0.209957441	0
0.922299823	0.190443962	0
0.922345203	0.170930482	0
0.923373133	0.151123407	0
0.923418513	0.131609928	0
0.923463893	0.112096448	0
0.924492511	0.091993714	0
0.924537891	0.072480235	0
0.506798384	0.074594125	0
0.527684543	0.093545566	0
0.460311411	0.063992261	0
0.481197571	0.082943703	0
0.5044093	0.10190003	0
0.529936829	0.125062903	0
0.550837645	0.137711854	0
0.571714033	0.160864956	0
0.597251333	0.179826169	0
0.620448405	0.205084986	0
0.643650363	0.228242973	0
0.67149369	0.255612392	0
0.690059165	0.272458118	0
0.710935553	0.295611219	0
0.743449563	0.314587089	0
0.766646635	0.339845907	0
0.792179049	0.360907949	0
0.824688173	0.381984649	0
0.859503325	0.411469555	0
0.875713916	0.440915376	0
0.588061422	0.131487534	0
0.520658977	0.11453921	0
0.495116791	0.097678827	0
0.474308802	0.045114104	0
0.516193491	0.034697896	0
0.504550984	0.040975958	0
0.65109121	0.028678773	0
0.597583557	0.036969724	0
0.565025576	0.036901325	0
0.699923295	0.030882202	0
0.746434696	0.030979915	0
0.795276552	0.028981684	0
0.844118409	0.026983452	0
0.890615152	0.033383656	0
0.93946678	0.027183764	0
0.912791124	0.497715958	0
0.896590304	0.464068477	0
0.924599743	0.420009674	0
0.934019279	0.369609294	0
0.934092564	0.338096843	0
0.929309511	0.394809484	0
0.931786536	0.329688637	0
0.93421959	0.283475262	0
0.927194024	0.304468905	0
0.941294014	0.241473317	0
0.943712411	0.201562431	0
0.948471035	0.155353941	0
0.94854432	0.12384149	0
0.936794329	0.176337813	0
0.955589429	0.094444526	0
0.939286011	0.104914477	0
0.941694637	0.069205251	0
0.94175815	0.04189446	0
0.904593001	0.022908819	0
0.867349681	0.037536459	0
0.811555543	0.029015883	0
0.762718572	0.028913285	0
0.71852297	0.033022117	0
0.662714175	0.030804032	0
0.618523458	0.032812034	0
0.53943942	0.038948412	0
0.66687675	0.24089681	0
0.710974639	0.278804579	0
0.741163078	0.297775563	0
0.759709011	0.323024609	0
0.722529204	0.310341458	0
0.629731143	0.213507849	0
0.576340745	0.171378877	0
0.604184072	0.198748296	0
0.55079856	0.154518495	0
0.934371046	0.218349529	0
0.941235386	0.266683278	0
0.847782647	0.451360898	0
0.822289319	0.413492215	0
0.675998261	0.318647065	0
0.745716505	0.339801936	0
0.792139964	0.37771459	0
0.61572398	0.236587666	0
0.51119547	0.18384706	0
0.474215975	0.085029876	0
0.471826892	0.112335781	0
0.504350673	0.127109991	0
0.562338468	0.192357864	0
0.641290594	0.242943898	0
0.764242895	0.373454302	0
0.778088831	0.419701878	0
0.940844534	0.434749684	0
0.952643382	0.361245059	0
0.952706895	0.333934268	0
0.962155745	0.270928909	0
0.950435067	0.310820252	0
0.96928391	0.205817834	0
0.65765264	0.207263986	0
0.680864369	0.226220314	0
0.708717468	0.249388072	0
0.780678226	0.306261939	0
0.808487353	0.348337169	0
0.78993165	0.327289783	0
0.780619598	0.3314719	0
0.66001241	0.192563062	0
0.632169083	0.165193643	0
0.606622012	0.15043409	0
0.555552298	0.110410834	0
0.564766637	0.148245318	0
0.845593875	0.392532771	0
0.83628671	0.394614058	0
0.820149403	0.333655786	0
0.864232635	0.377866045	0
0.857148441	0.42406965	0
0.838568309	0.413526414	0
0.917769602	0.356970114	0
0.674332254	0.03503012	0
0.63477802	0.043350384	0
0.581285024	0.045338844	0
0.516164177	0.047302876	0
0.492908477	0.04725402	0
0.548731929	0.043169615	0
0.497618245	0.02205383	0
0.441819221	0.015634084	0
0.553441697	0.017969426	0
0.60690538	0.028585946	0
0.590621504	0.030652576	0
0.692931928	0.037170035	0
0.73015082	0.033046546	0
0.795252124	0.039485834	0
0.837122156	0.035372116	0
0.776652449	0.037345919	0
0.86273274	0.022820877	0
0.916186651	0.037639058	0
0.837156355	0.020666305	0
0.653392352	0.039187809	0
0.639468246	0.026553515	0
0.939198069	0.142729418	0
0.937004412	0.08600212	0
0.941728837	0.054499441	0
0.978991699	0.03146848	0
0.690650329	0.018257679	0
0.7394873	0.018360278	0
0.546230476	0.118794612	0
0.934068135	0.348600994	0
0.945827898	0.29190301	0
0.936765015	0.188942794	0
0.68323391	0.207317729	0
0.808868434	0.184472423	0
0.811027892	0.255905531	0
0.715899375	0.161167866	0
0.792731128	0.123514151	0
0.685798877	0.104381941	0
0.855159981	0.279107489	0
0.853010294	0.203472721	0
0.616046433	0.097932881	0
0.857876403	0.111045969	0
0.755292382	0.222174994	0
0.815600862	0.289528584	0
0.87128263	0.346368251	0
0.855062268	0.321124091	0
0.880824307	0.24344712	0
0.746151328	0.152828059	0
0.750958809	0.085611268	0
0.641510448	0.148406545	0
0.836359994	0.363101607	0
0.759796952	0.285209668	0
0.639087165	0.190418261	0
0.73659988	0.25995085	0
0.885113909	0.398918317	0
0.025251527	0.450057434	1
0.043835884	0.438416554	1
0.064533889	0.446753306	1
0.063353136	0.421168436	1
0.080761214	0.402018215	1
0.086134857	0.446798686	1
0.086180237	0.427285207	1
0.100443837	0.382545991	1
0.101935412	0.407804731	1
0.107735825	0.446844067	1
0.107781205	0.427330587	1
0.120271375	0.373185304	1
0.12353638	0.407850112	1
0.129336793	0.446889447	1
0.129382173	0.427375967	1
0.13876881	0.353332802	1
0.141255279	0.388373762	1
0.145137348	0.407895492	1
0.150937761	0.446934827	1
0.150983141	0.427421348	1
0.157843879	0.335292116	1
0.158974179	0.368897412	1
0.162856247	0.388419142	1
0.166738316	0.407940872	1
0.172538728	0.446980207	1
0.172584109	0.427466728	1
0.176361064	0.316269462	1
0.178656802	0.349425187	1
0.180575147	0.368942792	1
0.184457215	0.388464522	1
0.188339284	0.407986252	1
0.194139696	0.447025587	1
0.194185076	0.427512108	1
0.195666038	0.297341937	1
0.196375702	0.329948837	1
0.20025777	0.349470567	1
0.202176114	0.368988172	1
0.206058183	0.388509902	1
0.209940251	0.408031632	1
0.21506804	0.278912803	1
0.215740664	0.447070967	1
0.215786044	0.427557488	1
0.216058325	0.310476612	1
0.21797667	0.329994217	1
0.221858738	0.349515947	1
0.223777082	0.369033552	1
0.227659151	0.388555282	1
0.231541219	0.408077013	1
0.233313578	0.260075917	1
0.235740949	0.291004388	1
0.237341632	0.447116348	1
0.237387012	0.427602868	1
0.237659293	0.310521992	1
0.239577637	0.330039597	1
0.243459706	0.349561327	1
0.24537805	0.369078932	1
0.249260118	0.388600663	1
0.252278463	0.242174559	1
0.253142187	0.408122393	1
0.253459848	0.271528038	1
0.257341917	0.291049768	1
0.2589426	0.447161728	1
0.25898798	0.427648249	1
0.259260261	0.310567373	1
0.261178605	0.330084977	1
0.265060674	0.349606708	1
0.266979018	0.369124312	1
0.270164397	0.223799222	1
0.270861086	0.388646043	1
0.273142472	0.252055813	1
0.274743155	0.408167773	1
0.275060816	0.271573418	1
0.278942885	0.291095148	1
0.280543567	0.447207108	1
0.280588948	0.427693629	1
0.280861229	0.310612753	1
0.282779573	0.330130358	1
0.286661641	0.349652088	1
0.288579986	0.369169693	1
0.289429833	0.204784394	1
0.290861371	0.232579463	1
0.292462054	0.388691423	1
0.29474344	0.252101193	1
0.296344123	0.408213153	1
0.296661784	0.271618798	1
0.300543852	0.291140528	1
0.302144535	0.447252488	1
0.302189915	0.427739009	1
0.302462197	0.310658133	1
0.304380541	0.330175738	1
0.308262609	0.349697468	1
0.309111867	0.185565592	1
0.310180953	0.369215073	1
0.310543995	0.213107238	1
0.312462339	0.232624843	1
0.314063022	0.388736803	1
0.316344408	0.252146573	1
0.31794509	0.408258533	1
0.318262752	0.271664178	1
0.32214482	0.291185908	1
0.323745503	0.447297868	1
0.323790883	0.427784389	1
0.324063164	0.310703513	1
0.325981509	0.330221118	1
0.328792919	0.166769159	1
0.329863577	0.349742848	1
0.330226619	0.193635014	1
0.331781921	0.369260453	1
0.332144963	0.213152618	1
0.334063307	0.232670223	1
0.33566399	0.388782183	1
0.337945375	0.252191953	1
0.339546058	0.408303914	1
0.33986372	0.271709558	1
0.343745788	0.291231289	1
0.345346471	0.447343249	1
0.345391851	0.427829769	1
0.345664132	0.310748893	1
0.347582476	0.330266498	1
0.348080283	0.172503249	1
0.351464545	0.349788228	1
0.352648211	0.192647307	1
0.353382889	0.369305833	1
0.353745931	0.213197999	1
0.355664275	0.232715603	1
0.357264958	0.388827563	1
0.359546343	0.252237334	1
0.361147026	0.408349294	1
0.361464687	0.271754938	1
0.365346756	0.291276669	1
0.366947439	0.447388629	1
0.366992819	0.427875149	1
0.3672651	0.310794273	1
0.369183444	0.330311878	1
0.373065513	0.349833609	1
0.37206699	0.194609894	1
0.374983857	0.369351213	1
0.37616718	0.212358121	1
0.377265242	0.232760984	1
0.378865925	0.388872944	1
0.381147311	0.252282714	1
0.382747994	0.408394674	1
0.383065655	0.271800319	1
0.386947724	0.291322049	1
0.388548407	0.447434009	1
0.388593787	0.42792053	1
0.388866068	0.310839654	1
0.390784412	0.330357258	1
0.39466648	0.349878989	1
0.396584825	0.369396594	1
0.396937552	0.217723641	1
0.398866023	0.232886998	1
0.400466893	0.388918324	1
0.404113968	0.249670021	1
0.404348962	0.408440054	1
0.404666623	0.271845699	1
0.408548691	0.291367429	1
0.410149374	0.447479389	1
0.410194755	0.42796591	1
0.410467036	0.310885034	1
0.41238538	0.330402639	1
0.416267448	0.349924369	1
0.418185792	0.369441974	1
0.422067861	0.388963704	1
0.422833251	0.247491896	1
0.425949929	0.408485434	1
0.427088903	0.270562333	1
0.430149659	0.291412809	1
0.431750342	0.447524769	1
0.431795722	0.42801129	1
0.432068003	0.310930414	1
0.433986348	0.330448019	1
0.437868416	0.349969749	1
0.43978676	0.369487354	1
0.443668829	0.389009084	1
0.447550897	0.408530814	1
0.446034658	0.26888361	1
0.453115047	0.289345948	1
0.45335131	0.447570149	1
0.45339669	0.42805667	1
0.453668971	0.310975794	1
0.455587315	0.330493399	1
0.459469384	0.350015129	1
0.461387728	0.369532734	1
0.465269797	0.389054464	1
0.469151865	0.408576195	1
0.471990665	0.292114774	1
0.474952278	0.44761553	1
0.474997658	0.42810205	1
0.476090392	0.310062002	1
0.477188283	0.330538779	1
0.481070352	0.350060509	1
0.482988696	0.369578114	1
0.486870764	0.389099845	1
0.490752833	0.408621575	1
0.496553246	0.44766091	1
0.496598626	0.428147431	1
0.496045813	0.314021423	1
0.498789251	0.330584159	1
0.503492976	0.348629315	1
0.504589664	0.369623494	1
0.508471732	0.389145225	1
0.512353801	0.408666955	1
0.518154213	0.44770629	1
0.518199594	0.428192811	1
0.519151288	0.335616203	1
0.524271162	0.350635075	1
0.527011944	0.368340129	1
0.5300727	0.389190605	1
0.533954769	0.408712335	1
0.539755181	0.44775167	1
0.539800561	0.428238191	1
0.546067759	0.365901834	1
0.553038088	0.387123744	1
0.555555736	0.408757715	1
0.561356149	0.44779705	1
0.561401529	0.428283571	1
0.571592769	0.38870763	1
0.578520172	0.407100228	1
0.582957117	0.447842431	1
0.583824153	0.426852376	1
0.598311433	0.413085335	1
0.605923774	0.445229738	1
0.602639511	0.428468759	1
0.624643056	0.443051612	1
0.641854408	0.454175029	1
0.308831792	0.200228648	1
0.297164857	0.217010861	1
0.271520073	0.24426791	1
0.238893693	0.273611131	1
0.255206883	0.258939521	1
0.217914706	0.294575461	1
0.196940605	0.313438961	1
0.168950709	0.349094445	1
0.173636048	0.334398405	1
0.136348757	0.367933516	1
0.115364885	0.390998676	1
0.32996712	0.112037756	1
0.346182596	0.139382747	1
0.378667292	0.170963597	1
0.406495962	0.204635506	1
0.427387007	0.221486117	1
0.476136036	0.259403657	1
0.499303795	0.297267455	1
0.515563242	0.305704975	1
0.534109175	0.330954021	1
0.575915693	0.354151094	1
0.599117651	0.377309081	1
0.633927917	0.408894817	1
0.603715049	0.400427983	1
0.568895012	0.373043907	1
0.638549743	0.421509569	1
0.666402841	0.444677327	1
0.661678417	0.476180007	1
0.596577113	0.469740718	1
0.519838187	0.467478662	1
0.454722226	0.467341864	1
0.480308382	0.465294776	1
0.557052193	0.465456002	1
0.422178903	0.460970974	1
0.371016362	0.46086349	1
0.34077418	0.465001637	1
0.268671738	0.469051842	1
0.219771254	0.496260034	1
0.177930536	0.487768772	1
0.108197634	0.472916392	1
0.061691119	0.470717849	1
0.022078258	0.504248074	1
0.024496656	0.464337188	1
0.182620761	0.470971903	1
0.129142422	0.466657872	1
0.219864081	0.456344263	1
0.22447125	0.475261504	1
0.301219947	0.473321901	1
0.019943229	0.422310815	1
0.050224496	0.401366028	1
0.036256419	0.407639204	1
0.071179054	0.390905849	1
0.096794524	0.37625378	1
0.066547457	0.382492757	1
0.096843381	0.35524548	1
0.143476923	0.302822441	1
0.106199403	0.332155891	1
0.127119762	0.336401522	1
0.180720243	0.288194801	1
0.122507707	0.31958511	1
0.183080012	0.273493876	1
0.16438751	0.311269732	1
0.18546421	0.248288801	1
0.248401171	0.185395811	1
0.222702645	0.235761991	1
0.201704115	0.265129641	1
0.211089451	0.229435072	1
0.252998569	0.208514713	1
0.292626086	0.168681998	1
0.278726408	0.145543553	1
0.271671528	0.179142177	1
0.315940415	0.143520893	1
0.313575759	0.160322648	1
0.431999062	0.238302529	1
0.394907197	0.187804437	1
0.373986838	0.183558806	1
0.353090907	0.168809025	1
0.276288468	0.193857759	1
0.246012087	0.212701716	1
0.215696621	0.248352314	1
0.169077736	0.294472863	1
0.055007548	0.344653387	1
0.080539962	0.36571543	1
0.008276293	0.439093028	1
0.110816343	0.346871473	1
0.141102496	0.323825856	1
0.238996292	0.2294937	1
0.48768083	0.295142197	1
0.510882788	0.318300184	1
0.394262291	0.465114007	1
0.31984405	0.464957666	1
0.284984928	0.454380231	1
0.240779555	0.462690724	1
0.157049262	0.4667165	1
0.436142094	0.456798628	1
0.498912943	0.465333861	1
0.503534769	0.477948613	1
0.547691285	0.490646421	1
0.533806264	0.461205486	1
0.577982324	0.465499973	1
0.559333793	0.484368359	1
0.626814409	0.467703402	1
0.645394541	0.478246637	1
0.689614571	0.463633654	1
0.643152027	0.442527641	1
0.61283656	0.478178238	1
0.661707731	0.463575027	1
0.608209848	0.467664317	1
0.194282811	0.45629052	1
0.098924668	0.460291869	1
0.152696147	0.338556095	1
0.131722046	0.357419594	1
0.052520752	0.413975894	1
0.038562446	0.41604741	1
0.155153629	0.281838568	1
0.16915102	0.262960412	1
0.201762743	0.23991968	1
0.239040263	0.210586229	1
0.287989603	0.162369736	1
0.005911638	0.455894783	1
0.352372717	0.477631045	1
0.218115018	0.208441428	1
0.452894993	0.253052311	1
0.271710613	0.162335537	1
0.257688794	0.191717844	1
0.299695624	0.128780883	1
0.318378355	0.095206687	1
0.304395621	0.107782354	1
0.32295621	0.12672891	1
0.367107841	0.141527548	1
0.208710139	0.252539317	1
0.150453633	0.302837098	1
0.110831	0.340568983	1
0.418089613	0.219365745	1
0.390236514	0.196197986	1
0.527142236	0.326737704	1
0.120099081	0.355294336	1
0.085186217	0.367826032	1
0.080515534	0.376219581	1
0.064197458	0.392992022	1
0.036222219	0.422345015	1
0.022244371	0.432819851	1
0.264465192	0.277866534	1
0.282835241	0.378745462	1
0.315872015	0.172932514	1
0.295024941	0.137174432	1
0.301908824	0.177104861	1
0.229723326	0.216869177	1
0.290241889	0.193887073	1
0.290285859	0.174979602	1
0.187775123	0.254596176	1
0.120226108	0.300672754	1
0.294990742	0.151880243	1
0.313663701	0.122507707	1
0.329893835	0.143550207	1
0.348464196	0.158295103	1
0.339244971	0.122561449	1
0.367068756	0.158334188	1
0.415910612	0.156335957	1
0.426727444	0.505098177	1
0.412876623	0.460951432	1
0.475676785	0.456881684	1
0.266976417	0.198039877	1
0.257605738	0.227431955	1
0.229659812	0.244179968	1
0.157313087	0.353271676	1
0.364283935	0.355807329	1
0.315539791	0.315788959	1
0.329615353	0.263297522	1
0.213029055	0.395405533	1
0.492151201	0.372882681	1
0.410702508	0.395820814	1
0.401497941	0.35378467	1
0.424983267	0.255094513	1
0.026252213	0.604350753	2
0.047210434	0.612841	2
0.068491592	0.634801522	2
0.069007138	0.606123563	2
0.089579419	0.654448097	2
0.089643383	0.626943767	2
0.090795608	0.606464998	2
0.109639042	0.673915115	2
0.111223705	0.635866974	2
0.112395287	0.607064738	2
0.131190505	0.695247928	2
0.130788959	0.666863703	2
0.130834339	0.647350223	2
0.133811939	0.616702427	2
0.147080674	0.604316515	2
0.152278333	0.714894503	2
0.152342296	0.687390173	2
0.152387676	0.667876693	2
0.152433056	0.648363214	2
0.156944664	0.619395161	2
0.169961082	0.605411713	2
0.172337956	0.734361521	2
0.173922618	0.69631338	2
0.173986394	0.668889684	2
0.174031774	0.649376205	2
0.174077154	0.629862726	2
0.188206372	0.611991526	2
0.193889418	0.755694333	2
0.193487872	0.727310108	2
0.193533252	0.707796629	2
0.196030537	0.679418494	2
0.195628991	0.651034269	2
0.198936932	0.635962547	2
0.210037973	0.612296094	2
0.214977246	0.775340908	2
0.215041209	0.747836579	2
0.215086589	0.728323099	2
0.21513197	0.70880962	2
0.217163333	0.679728985	2
0.217227334	0.652208528	2
0.220534462	0.637486222	2
0.23200484	0.614034897	2
0.235036869	0.794807927	2
0.237087228	0.757559046	2
0.236685682	0.729174822	2
0.236731062	0.709661342	2
0.236776442	0.690147863	2
0.238808031	0.660970467	2
0.242393684	0.639069577	2
0.253370903	0.613760471	2
0.256123046	0.815164083	2
0.25618716	0.787595246	2
0.25868407	0.759378379	2
0.258282524	0.730994154	2
0.258327904	0.711480675	2
0.258373285	0.691967196	2
0.258418665	0.672453716	2
0.262279075	0.648513349	2
0.274970056	0.61458639	2
0.275717385	0.833654445	2
0.277767332	0.79658296	2
0.279817278	0.759511475	2
0.279881242	0.732007145	2
0.279926622	0.712493666	2
0.279972002	0.692980186	2
0.280017382	0.673466707	2
0.283347238	0.648971534	2
0.295776183	0.853476255	2
0.29680106	0.617044841	2
0.297826542	0.816227374	2
0.299411204	0.778179233	2
0.301461151	0.741107747	2
0.301524965	0.713667925	2
0.301570345	0.694154446	2
0.301615725	0.674640966	2
0.301661105	0.655127487	2
0.310069107	0.604954588	2
0.31686236	0.87383241	2
0.316926474	0.846263573	2
0.317406923	0.639670659	2
0.322186487	0.611031224	2
0.319423384	0.818046707	2
0.319021838	0.789662482	2
0.321519517	0.761115399	2
0.323570662	0.723528623	2
0.323169062	0.695167436	2
0.323214442	0.675653957	2
0.3267835	0.660889195	2
0.333411712	0.606679035	2
0.33520783	0.88650409	2
0.339743212	0.856836446	2
0.340242394	0.642188173	2
0.339283174	0.615166963	2
0.341349233	0.829180028	2
0.340578176	0.808898805	2
0.340623556	0.789385325	2
0.342632661	0.769875971	2
0.342678041	0.750362492	2
0.345344408	0.729698756	2
0.344737026	0.709404438	2
0.344782406	0.689890959	2
0.344827787	0.670377479	2
0.353433981	0.607153218	2
0.357126342	0.87063517	2
0.361479285	0.850066364	2
0.361488203	0.641625926	2
0.362354316	0.612990941	2
0.362953295	0.827894944	2
0.362182519	0.807492769	2
0.3622279	0.78797929	2
0.365057285	0.767584678	2
0.36428651	0.747182504	2
0.367115895	0.726787893	2
0.36634512	0.706385718	2
0.3663905	0.686872239	2
0.36643588	0.667358759	2
0.375682937	0.606095885	2
0.380743427	0.848155477	2
0.382972144	0.640389866	2
0.384014972	0.61417685	2
0.384389588	0.828383468	2
0.383782362	0.808021954	2
0.383827742	0.788508475	2
0.386493922	0.767925374	2
0.385886727	0.747550421	2
0.388552876	0.726980758	2
0.387945713	0.706592367	2
0.387991093	0.687078887	2
0.388036473	0.667565408	2
0.398352589	0.607191761	2
0.40422346	0.64017516	2
0.406574653	0.612450283	2
0.404360926	0.825498389	2
0.40538633	0.806777187	2
0.40543171	0.787263708	2
0.408097984	0.766640289	2
0.407490696	0.746305654	2
0.410156938	0.725695674	2
0.409549681	0.705347599	2
0.409595061	0.68583412	2
0.409640441	0.666320641	2
0.419760519	0.607082186	2
0.426299357	0.638214161	2
0.428755938	0.60924462	2
0.426009749	0.804965918	2
0.427035303	0.786180209	2
0.429701702	0.765503034	2
0.429094289	0.745222155	2
0.431760656	0.724558419	2
0.431153274	0.704264101	2
0.431198654	0.684750621	2
0.431244034	0.665237142	2
0.44790445	0.636485588	2
0.44524695	0.607597698	2
0.448644147	0.782838952	2
0.451473533	0.762444341	2
0.450702757	0.742042167	2
0.453532143	0.721647555	2
0.452761368	0.701245381	2
0.452806748	0.681731901	2
0.452852128	0.662218422	2
0.469388392	0.635249528	2
0.467582768	0.608309857	2
0.47127772	0.761066778	2
0.472302975	0.742410084	2
0.474969123	0.721840421	2
0.47436196	0.701452029	2
0.474407341	0.68193855	2
0.474452721	0.662425071	2
0.490639708	0.635034823	2
0.489186056	0.607357389	2
0.492926956	0.740356912	2
0.496573185	0.720555337	2
0.495965928	0.700207262	2
0.496011309	0.680693783	2
0.496056689	0.661180303	2
0.512715605	0.633073824	2
0.510210766	0.606395786	2
0.516544042	0.717877218	2
0.517569522	0.699123763	2
0.517614902	0.679610284	2
0.517660282	0.660096805	2
0.534320698	0.631345251	2
0.532136864	0.605822912	2
0.539177615	0.696105043	2
0.539222995	0.676591564	2
0.539268376	0.657078085	2
0.555805098	0.629912085	2
0.554536303	0.605855349	2
0.560828089	0.674862992	2
0.560873469	0.655349512	2
0.577408358	0.628971936	2
0.576699253	0.605507155	2
0.581492987	0.655215435	2
0.598659746	0.628726109	2
0.598299932	0.605676587	2
0.619871834	0.61822027	2
0.618921944	0.604470075	2
0.638558414	0.604843945	2
0.330362857	0.94187052	2
0.311836467	0.908218154	2
0.293295421	0.880868278	2
0.267767892	0.857705405	2
0.24457082	0.832446588	2
0.21438238	0.813475604	2
0.237726022	0.775709519	2
0.267968204	0.771571372	2
0.281809254	0.819919778	2
0.309681895	0.834684216	2
0.291155505	0.80103185	2
0.277260713	0.775792575	2
0.302905497	0.748535526	2
0.330826994	0.742291664	2
0.270337745	0.752668787	2
0.230817711	0.746283241	2
0.240383817	0.632857959	2
0.275272253	0.630830414	2
0.317142285	0.626716696	2
0.291526815	0.641368764	2
0.349685608	0.633087585	2
0.375271764	0.631040497	2
0.438086584	0.620668259	2
0.407839516	0.626907236	2
0.391560526	0.626873037	2
0.356613462	0.654110543	2
0.412427143	0.654227798	2
0.472896849	0.652253995	2
0.465983653	0.624928547	2
0.51716085	0.618733541	2
0.138161334	0.588525559	2
0.249788696	0.588760071	2
0.219546514	0.592898217	2
0.328906933	0.567917882	2
0.342816383	0.586854667	2
0.289313615	0.593044787	2
0.096305959	0.586336787	2
0.054450584	0.584148016	2
0.028869314	0.584094274	2
0.0055501	0.611356208	2
0.031082514	0.632418251	2
0.061266068	0.653490065	2
0.096051905	0.695579951	2
0.079821771	0.674537451	2
0.047341961	0.640855771	2
0.119258749	0.716637108	2
0.154059243	0.752424504	2
0.177270973	0.771380832	2
0.200487588	0.788236329	2
0.137824224	0.733482834	2
0.346705361	0.914593929	2
0.386313336	0.883164534	2
0.488755673	0.832959581	2
0.414303233	0.847509051	2
0.453920979	0.811877996	2
0.432966421	0.822338175	2
0.479555992	0.788822607	2
0.460946546	0.790884352	2
0.50984703	0.763676159	2
0.535506471	0.73011662	2
0.488907129	0.767833849	2
0.502914291	0.744754032	2
0.540177154	0.721723072	2
0.509895887	0.742667859	2
0.58444604	0.686101788	2
0.558811028	0.709157176	2
0.568142622	0.696571738	2
0.591500921	0.652503163	2
0.619388219	0.660965112	2
0.638075835	0.625290086	2
0.693972572	0.58969323	2
0.649703685	0.625314514	2
0.621752874	0.644163357	2
0.661395049	0.598028151	2
0.59164749	0.589478261	2
0.475368989	0.589233979	2
0.400950748	0.589077638	2
0.435834298	0.589150923	2
0.514889022	0.595619525	2
0.561419966	0.587313918	2
0.449782833	0.591281067	2
0.379996189	0.599537817	2
0.277685765	0.593020359	2
0.256716549	0.609783028	2
0.256662807	0.632892159	2
0.145050102	0.626355158	2
0.126460199	0.620013582	2
0.172932514	0.636917936	2
0.072962317	0.624102872	2
0.059057753	0.603065258	2
0.054426156	0.594652166	2
0.107855639	0.619974497	2
0.11476395	0.649400775	2
0.072942774	0.632506193	2
0.047385932	0.6219483	2
0.177402885	0.71465842	2
0.203120954	0.65588892	2
0.205358582	0.693708747	2
0.1751506	0.683141083	2
0.205519809	0.624381354	2
0.435692614	0.650074995	2
0.389181214	0.649977282	2
0.500818347	0.646010133	2
0.524083818	0.641857329	2
0.561292939	0.6419355	2
0.589263293	0.614683337	2
0.556705312	0.614614937	2
0.528808243	0.610354649	2
0.477616388	0.622852146	2
0.302954353	0.727527225	2
0.30518221	0.769548712	2
0.326083027	0.782197664	2
0.305113811	0.798960333	2
0.288854364	0.790522814	2
0.258582868	0.807265941	2
0.300374729	0.836765503	2
0.333001109	0.807422282	2
0.216834977	0.758858907	2
0.237960534	0.674869675	2
0.212398806	0.666412613	2
0.177515255	0.666339328	2
0.112365095	0.68090834	2
0.093838705	0.647255974	2
0.1518607	0.697798037	2
0.151777644	0.733512148	2
0.126259887	0.706147615	2
0.103043272	0.689292118	2
0.214431237	0.792467303	2
0.186602567	0.758795394	2
0.195963475	0.733604976	2
0.253868214	0.83456696	2
0.298005189	0.855668088	2
0.249432043	0.742120666	2
0.288961848	0.744304552	2
0.275213625	0.656040375	2
0.23103268	0.653846718	2
0.328765249	0.628841954	2
0.377294424	0.761296847	2
0.442542298	0.704711234	2
0.400662494	0.713026612	2
0.475036765	0.732090424	2
0.512392455	0.669143692	2
0.412114461	0.788680923	2
0.346866588	0.845266537	2
0.328227828	0.859933262	2
0.34913353	0.870481383	2
0.31654135	0.885118795	2
0.279400628	0.855629003	2
0.239768225	0.897562549	2
0.256159585	0.849277656	2
0.239958765	0.815630176	2
0.168012664	0.752453818	2
0.358386953	0.891509227	2
0.386357307	0.864257063	2
0.367723433	0.876822959	2
0.40036447	0.841177247	2
0.421323914	0.828616237	2
0.446978469	0.797157528	2
0.470292797	0.771996424	2
0.484295074	0.751017437	2
0.549572261	0.681826843	2
0.542688379	0.641896414	2
0.50088186	0.618699342	2
0.428784303	0.620648717	2
0.463599455	0.650133623	2
0.610144566	0.635735608	2
0.570673389	0.608341761	2
0.291497501	0.653973745	2
0.317088543	0.649825827	2
0.254268838	0.662298894	2
0.228604511	0.697959263	2
0.330905165	0.708678382	2
0.275164769	0.677048676	2
0.138048964	0.636844651	2
0.133285454	0.685153971	2
0.430958418	0.685779335	2
0.377362823	0.731885226	2
0.370488712	0.687753138	2
0.37276054	0.710867154	2
0.316883345	0.73806069	2
0.30997992	0.706533582	2
0.312403203	0.664521866	2
0.398239211	0.755038328	2
0.440114129	0.748823779	2
0.367865117	0.815898887	2
0.263302407	0.777864091	2
0.233011369	0.803010538	2
0.214538721	0.746249041	2
0.154254669	0.668391302	2
0.198342787	0.71050073	2
0.103116557	0.657779667	2
0.133090028	0.769187174	2
0.133173084	0.733473063	2
0.237550139	0.851339401	2
0.065848809	0.682911457	2
0.186529282	0.790307845	2
0.535843581	0.585159346	2
0.114861663	0.607384173	2
0.586815581	0.667199203	2
0.540221125	0.702815601	2
0.463726482	0.595512041	2
0.477057062	0.971552608	3
0.495786252	0.965113964	3
0.511518176	0.945755335	3
0.518900924	0.971026452	3
0.531148337	0.933457847	3
0.541757772	0.964352091	3
0.552370872	0.933843579	3
0.552843022	0.908588963	3
0.562098734	0.972891165	3
0.562144114	0.953377686	3
0.57293178	0.898597615	3
0.57397184	0.933888959	3
0.583699702	0.972936545	3
0.583745082	0.953423066	3
0.592791935	0.878738589	3
0.595019678	0.911963348	3
0.596393433	0.932901253	3
0.60655655	0.966262184	3
0.60610823	0.942382789	3
0.612563562	0.87572497	3
0.615296686	0.896722588	3
0.615814216	0.851954493	3
0.617215031	0.916240193	3
0.626897512	0.974801258	3
0.626942892	0.955287779	3
0.626988272	0.9357743	3
0.63497931	0.877250363	3
0.635902974	0.841963145	3
0.636897654	0.896767968	3
0.638815998	0.916285573	3
0.64849848	0.974846638	3
0.64854386	0.955333159	3
0.64858924	0.93581968	3
0.655760302	0.823319605	3
0.657401591	0.875966998	3
0.656629409	0.85616958	3
0.659319591	0.895632432	3
0.661237591	0.915297866	3
0.671355328	0.968172277	3
0.670174831	0.942477065	3
0.670952389	0.924779403	3
0.675754879	0.804857035	3
0.6782225	0.859601597	3
0.678267881	0.840088118	3
0.680140845	0.879119202	3
0.682059189	0.898636807	3
0.69169629	0.976711351	3
0.69174167	0.957197872	3
0.69178705	0.937684393	3
0.69183243	0.918170913	3
0.69598678	0.820611768	3
0.694678847	0.798434503	3
0.699823468	0.859646977	3
0.699868848	0.840133498	3
0.700431758	0.775851924	3
0.701741812	0.879164582	3
0.703660157	0.898682187	3
0.713297258	0.976756732	3
0.713342638	0.957243252	3
0.713388018	0.937729773	3
0.713433398	0.918216294	3
0.717587748	0.820657148	3
0.717633128	0.801143669	3
0.720520516	0.765860575	3
0.721424436	0.859692358	3
0.721469816	0.840178878	3
0.724164093	0.877881217	3
0.726082093	0.897546651	3
0.736440006	0.970596486	3
0.734969859	0.945999843	3
0.735015239	0.926486363	3
0.735275477	0.90840684	3
0.7400891	0.813519876	3
0.73926785	0.786674891	3
0.740162224	0.739856286	3
0.742095454	0.767046304	3
0.743066659	0.841998211	3
0.744985003	0.861515816	3
0.746903347	0.881033421	3
0.756495068	0.978621445	3
0.756540448	0.959107965	3
0.756585828	0.939594486	3
0.756631208	0.920081007	3
0.756676588	0.900567527	3
0.760785558	0.822521861	3
0.760830938	0.803008382	3
0.760152298	0.742987931	3
0.762840043	0.783499028	3
0.762885423	0.763985548	3
0.763402952	0.719217454	3
0.764667626	0.842043591	3
0.766585971	0.861561196	3
0.768504315	0.881078801	3
0.778096036	0.978666825	3
0.778141416	0.959153345	3
0.778186796	0.939639866	3
0.778232176	0.920126387	3
0.778277556	0.900612908	3
0.782386526	0.822567241	3
0.782431906	0.803053762	3
0.782568046	0.744513324	3
0.78349171	0.709226105	3
0.78444101	0.783544408	3
0.784486391	0.764030929	3
0.786268594	0.842088971	3
0.789008251	0.860277831	3
0.790926251	0.879943265	3
0.801238784	0.972506579	3
0.799768637	0.947909936	3
0.799814017	0.928396457	3
0.799859397	0.908882977	3
0.800119635	0.890803454	3
0.802813109	0.68424117	3
0.804887878	0.81542997	3
0.804066628	0.788584984	3
0.805069398	0.737376052	3
0.804248148	0.710531067	3
0.806894232	0.768956398	3
0.806107986	0.755206546	3
0.809829161	0.84391243	3
0.811747505	0.863430035	3
0.821293846	0.980531538	3
0.821339226	0.961018059	3
0.821384606	0.941504579	3
0.821429986	0.9219911	3
0.821475366	0.902477621	3
0.821520747	0.882964141	3
0.823123492	0.686353461	3
0.825584336	0.824431954	3
0.825629716	0.804918475	3
0.825811237	0.726864558	3
0.825856617	0.707351078	3
0.826374146	0.662582983	3
0.827638821	0.785409121	3
0.827684201	0.765895642	3
0.827729581	0.746382162	3
0.831430129	0.84395781	3
0.833348473	0.863475415	3
0.842894813	0.980576918	3
0.842940194	0.961063439	3
0.842985574	0.941549959	3
0.843030954	0.92203648	3
0.843076334	0.902523001	3
0.843121714	0.883009521	3
0.845539241	0.687878854	3
0.846462904	0.652591635	3
0.847185304	0.824477334	3
0.847230684	0.804963855	3
0.847412205	0.726909938	3
0.847457585	0.707396458	3
0.849239788	0.785454501	3
0.849285169	0.765941022	3
0.849330549	0.746427543	3
0.853031097	0.84400319	3
0.855770753	0.862192049	3
0.866241584	0.97499103	3
0.864563664	0.951432713	3
0.864609044	0.931919234	3
0.864654424	0.912405755	3
0.864699805	0.892892275	3
0.86474331	0.874185138	3
0.865669009	0.62966264	3
0.868681989	0.681718608	3
0.867211842	0.657121965	3
0.870042152	0.817802973	3
0.868861655	0.792107761	3
0.870269053	0.720235577	3
0.865632349	0.702999737	3
0.871689572	0.772344785	3
0.87091989	0.751472244	3
0.868326969	0.740554247	3
0.876591663	0.845826648	3
0.886092624	0.982441631	3
0.886138004	0.962928152	3
0.886183384	0.943414672	3
0.886228764	0.923901193	3
0.886274144	0.904387714	3
0.886319525	0.884874234	3
0.886364905	0.865360755	3
0.886094686	0.62971899	3
0.888782431	0.670230087	3
0.888827811	0.650716608	3
0.889345341	0.605948513	3
0.890383114	0.826342047	3
0.890428494	0.806828568	3
0.890655395	0.709261171	3
0.890700775	0.689747692	3
0.892437599	0.787319214	3
0.892482979	0.767805735	3
0.892528359	0.748292256	3
0.892573739	0.728778776	3
0.898192631	0.845872029	3
0.907693591	0.982487011	3
0.907738972	0.962973532	3
0.907784352	0.943460053	3
0.907829732	0.923946573	3
0.907875112	0.904433094	3
0.907920492	0.884919615	3
0.907965873	0.865406135	3
0.907526922	0.631951902	3
0.907738792	0.595917793	3
0.908419674	0.670271342	3
0.908465055	0.650757863	3
0.912804535	0.825428256	3
0.9110476	0.806871886	3
0.911081016	0.70806231	3
0.909356156	0.689786884	3
0.912074842	0.787360469	3
0.912908393	0.766695571	3
0.91118374	0.748331448	3
0.91122912	0.728817968	3
0.91586615	0.845909158	3
0.922421524	0.982517952	3
0.922466904	0.963004473	3
0.923106352	0.941363488	3
0.921575802	0.923975452	3
0.921621183	0.904461972	3
0.922163682	0.882288595	3
0.920730081	0.865432951	3
0.437256023	0.977809372	3
0.47683957	0.956884127	3
0.52113777	0.908657863	3
0.556167891	0.845706245	3
0.546763012	0.889804134	3
0.507120837	0.93593934	3
0.595687924	0.852091792	3
0.639986125	0.803865527	3
0.625978962	0.826945344	3
0.667956479	0.776613364	3
0.660926026	0.799707838	3
0.712205823	0.749395401	3
0.684235469	0.776647564	3
0.69823286	0.757769407	3
0.744851745	0.711648858	3
0.71687162	0.743102682	3
0.768229587	0.659176963	3
0.726217871	0.724214754	3
0.805438707	0.659255134	3
0.842750426	0.615215873	3
0.91962615	0.558654687	3
0.870759865	0.571157069	3
0.812478931	0.631959	3
0.928845374	0.594388341	3
0.921800265	0.623785305	3
0.930975518	0.678426429	3
0.930882691	0.718342201	3
0.928439865	0.768757237	3
0.930633522	0.825484534	3
0.932910236	0.846497721	3
0.937463663	0.888524094	3
0.937370836	0.928439865	3
0.93961335	0.964158862	3
0.939584036	0.976763842	3
0.465138435	0.98837215	3
0.504673125	0.988455206	3
0.541882246	0.988533376	3
0.583742507	0.988621318	3
0.616300487	0.988689717	3
0.674429967	0.993013519	3
0.637220846	0.992935348	3
0.707002604	0.986779427	3
0.755829803	0.991083686	3
0.786057328	0.99324803	3
0.860480455	0.991303541	3
0.816294624	0.991210713	3
0.746527523	0.991064144	3
0.646528012	0.990854061	3
0.562802605	0.992779007	3
0.51397052	0.990575579	3
0.490739248	0.980022572	3
0.525686312	0.952785066	3
0.553612695	0.944440373	3
0.595595097	0.892007563	3
0.572270997	0.921370327	3
0.632877502	0.860573282	3
0.651550461	0.831200747	3
0.679467073	0.827057714	3
0.719099477	0.785124169	3
0.78899849	0.728548326	3
0.784425521	0.694925274	3
0.854241478	0.674063543	3
0.875279093	0.627889252	3
0.835734631	0.632007856	3
0.828665093	0.671908971	3
0.863187106	0.827443681	3
0.80035763	0.844118409	3
0.807378311	0.825225595	3
0.730624728	0.829266029	3
0.928679262	0.665816563	3
0.9146379	0.703602191	3
0.923857124	0.739335845	3
0.921394756	0.798154201	3
0.727927849	0.988924228	3
0.669798369	0.984600427	3
0.60701775	0.980266854	3
0.530269053	0.982206458	3
0.500109927	0.950630493	3
0.483865136	0.935890483	3
0.672514791	0.816538907	3
0.751725856	0.755780947	3
0.730781069	0.762039466	3
0.730673585	0.808257728	3
0.761160049	0.699078078	3
0.896233651	0.617429073	3
0.900972733	0.579623903	3
0.863704985	0.604755693	3
0.800753367	0.673951173	3
0.586351444	0.86677806	3
0.542082558	0.902399343	3
0.521098685	0.925464503	3
0.928415437	0.779261387	3
0.933003063	0.806581949	3
0.939857632	0.859117358	3
0.942075718	0.905340505	3
0.928112526	0.909512852	3
0.937317093	0.951548996	3
0.839545439	0.9933604	3
0.925601302	0.989339509	3
0.97209316	0.997840542	3
0.895349348	0.997679316	3
0.955843483	0.985201362	3
0.93721938	0.993565597	3
0.874399676	1.006038665	3
0.802326547	0.99748389	3
0.730233876	0.997332434	3
0.674425081	0.995114349	3
0.606973779	0.999174325	3
0.488384364	0.992622666	3
0.423263517	0.994586698	3
0.940111686	0.749874194	3
0.923945066	0.701520903	3
0.933413458	0.630112223	3
0.914779584	0.642678119	3
0.942574054	0.691055838	3
0.935323748	0.808687665	3
0.953850138	0.842340032	3
0.962961877	0.924291947	3
0.95863319	0.785627391	3
0.935699943	0.64692375	3
0.940180085	0.720462573	3
0.856645219	0.640455147	3
0.807661678	0.703377451	3
0.804940371	0.873539801	3
0.695838891	0.787176142	3
0.805111368	0.800010748	3
0.672187453	0.957294522	3
0.555987121	0.923436958	3
0.754095397	0.736878362	3
0.775030413	0.734821503	3
0.877643748	0.611087497	3
0.880032832	0.583781592	3
0.567688256	0.891948935	3
0.614126372	0.923559099	3
0.700011237	0.993067261	3
0.928200468	0.87169791	3
0.942261373	0.825508963	3
0.93778123	0.751970139	3
0.667726853	0.875352378	3
0.658512515	0.837517894	3
0.630512847	0.877375037	3
0.730321818	0.959517493	3
0.802414489	0.959668948	3
0.867520679	0.964007407	3
0.814174252	0.902970965	3
0.874756328	0.85267807	3
0.73768938	0.791465744	3
0.493221159	0.912800895	3
0.607393945	0.818502939	3
0.66804442	0.738798423	3
0.786790176	0.678123519	3
0.681958755	0.755634377	3
0.772822099	0.684396695	3
0.824077467	0.644588408	3
0.852042935	0.619437075	3
0.88699977	0.587997909	3
0.903342274	0.560721318	3
0.887048627	0.566989608	3
0.921844236	0.604877834	3
0.956796185	0.575539498	3
0.949741305	0.609138122	3
0.935782999	0.611209638	3
0.94265711	0.655341727	3
0.935499631	0.733057783	3
0.951641823	0.791915224	3
0.933042149	0.789775309	3
0.946658459	0.934761898	3
0.944723741	0.766690606	3
0.567722456	0.877243125	3
0.609656001	0.845818615	3
0.642287267	0.814374563	3
0.577039393	0.870960177	3
0.558410404	0.881425242	3
0.504824581	0.923329474	3
0.493142988	0.946414176	3
0.465206834	0.958960529	3
0.455860583	0.977848457	3
0.444198533	0.992529839	3
0.600016611	0.990756348	3
0.686067588	0.988836287	3
0.776755048	0.993228487	3
