0.105136081424058	0.496705289449803	0
0.104838947483771	0.477390859256405	0
0.104774091075576	0.463187305861597	0
0.10598663280235	0.51759390714486	0
0.105538805971898	0.445912335885802	0
0.108036330440902	0.536435114871152	0
0.107233785032672	0.430540182671735	0
0.109695412921354	0.551178155661404	0
0.108748083896751	0.414411573160943	0
0.110311668483725	0.400796535517775	0
0.112057304914915	0.567810876344988	0
0.112120347157846	0.386718631965068	0
0.114728069343311	0.581388186369753	0
0.113764698994303	0.493368101414516	0
0.113554183669355	0.473347249806598	0
0.113489327261159	0.45914369641179	0
0.1148594948181	0.515778348860895	0
0.114575333905829	0.374059095189143	0
0.116259494791372	0.44481027705677	0
0.116050690848623	0.428890218801422	0
0.117892170638592	0.597436251802185	0
0.118074309051607	0.541690547547973	0
0.118809577634821	0.523038335887381	0
0.117517175659388	0.360062324238646	0
0.118505463784271	0.415037395385479	0
0.121283554805623	0.612751257325622	0
0.121605796630585	0.559950195442596	0
0.120782391651385	0.398668508324325	0
0.120858253995517	0.345730349540338	0
0.123567492405744	0.579701498611163	0
0.12257337843467	0.492400561724982	0
0.12228335594265	0.472355643565593	0
0.122840938414945	0.459226181375381	0
0.123914056872678	0.513333637474287	0
0.123613537647926	0.381129370202566	0
0.125323756911763	0.627430866583314	0
0.124882277485016	0.442599356728906	0
0.12471439328764	0.3324167046798	0
0.127758451735328	0.593345433855256	0
0.126699720005179	0.535363215324794	0
0.126891032371172	0.363636586163029	0
0.127380180491806	0.42254119262994	0
0.129356400625886	0.641179688116115	0
0.128423107085225	0.317245881830491	0
0.130164345193411	0.560159371766635	0
0.129851790577122	0.40191002669257	0
0.131117076361133	0.347130824652132	0
0.132335373375046	0.608922100592212	0
0.131271801981105	0.493368985820082	0
0.131021640273295	0.473359577884189	0
0.131578865410007	0.460151859201444	0
0.132307924676648	0.514298897087932	0
0.132304717491627	0.381753423615969	0
0.13413894655977	0.656144567302581	0
0.132423330784191	0.305057716753536	0
0.13386121864513	0.443177127420854	0
0.135367229819793	0.576100010868367	0
0.135018136400937	0.332062821508928	0
0.136600542052644	0.593898875205191	0
0.13562690979143	0.534267436828146	0
0.135522927885703	0.362359834962534	0
0.137159437236904	0.622111904106646	0
0.136142985006189	0.421243869376568	0
0.138294473513967	0.640293808540536	0
0.138919649982057	0.670705936449422	0
0.136739406009964	0.291040023645168	0
0.139453522104065	0.556301390763339	0
0.13836214691767	0.400090239405797	0
0.139089283883038	0.49050572279918	0
0.138949785282835	0.470823031252919	0
0.139881441035411	0.457505603101903	0
0.140531535819307	0.349087855430897	0
0.142499300409219	0.606148270249568	0
0.140088932407994	0.511640215216168	0
0.140461042540469	0.379508296914086	0
0.14122314433172	0.311808548219927	0
0.143976624857437	0.652620737552753	0
0.140791248694922	0.439403442569908	0
0.144454294698546	0.684171596464758	0
0.142932722128556	0.32878602329556	0
0.142551363172791	0.277146417551117	0
0.144451552206339	0.584129796831344	0
0.145044035694591	0.566568655026653	0
0.143881937309109	0.544944149282745	0
0.142378904087362	0.526279927956091	0
0.143152415022378	0.417470774129332	0
0.146250826197338	0.630410740115921	0
0.145758930194019	0.364502987758874	0
0.146748932147149	0.295135865507051	0
0.146136820548589	0.392923465918362	0
0.149544870379241	0.667326296392814	0
0.150030789717649	0.698492030124603	0
0.150149172894105	0.6119073378808	0
0.149344537241627	0.343637996261609	0
0.148758956709021	0.262957162046297	0
0.153069907825746	0.648082300148245	0
0.151084877836872	0.323143810584409	0
0.151803719405586	0.308139084013817	0
0.152041982476603	0.59319373724336	0
0.149479124886085	0.574268019651843	0
0.155648181268657	0.682773650401612	0
0.151383872429805	0.368337622893431	0
0.154095182435517	0.248694977764829	0
0.156433673054518	0.712374879259466	0
0.154319662166438	0.291605449509421	0
0.154821262064165	0.273460804754482	0
0.156942621533297	0.626806450241576	0
0.155932665059151	0.347325031043665	0
0.159942952965904	0.663365984419649	0
0.156660088637434	0.610958812910941	0
0.159740522358506	0.329233630779394	0
0.159672271262279	0.314286640705519	0
0.160495706444843	0.299003911518557	0
0.160476912826559	0.262285603419619	0
0.162771779083792	0.696459978276382	0
0.163504355914117	0.727507105046552	0
0.163069217456909	0.642837784774122	0
0.161093475699167	0.236370344408517	0
0.163446902308069	0.283122689898117	0
0.161885205856789	0.625039286531106	0
0.167115263736868	0.678841771599463	0
0.169735178744697	0.711643063823131	0
0.167196306950644	0.310190167922999	0
0.168484934994389	0.296803657870526	0
0.168548219126022	0.25849887358657	0
0.168475132832695	0.220757971551595	0
0.171346263085652	0.742930478328228	0
0.170858974336198	0.660226246391992	0
0.170619890031441	0.242718719868901	0
0.172072820975948	0.28052904774083	0
0.17489520480623	0.692148570505803	0
0.177616838932569	0.72514634582642	0
0.175439703833216	0.289753766299678	0
0.176999205648462	0.225564592970339	0
0.176829052064723	0.206134807400442	0
0.180146238852192	0.757444837107765	0
0.181271867206551	0.741067400792803	0
0.178805030791803	0.679000309486163	0
0.178032110423903	0.264253058978928	0
0.178747053093568	0.246093120173483	0
0.183426120066649	0.70569868856895	0
0.184623764302836	0.692672728204764	0
0.180821101131409	0.275959566338416	0
0.183595280178933	0.196264657704266	0
0.186919419106862	0.728843048788094	0
0.185848960814019	0.230694636591316	0
0.185181922482457	0.212539264324416	0
0.188943968509357	0.771467297934235	0
0.188660584376578	0.750806180087064	0
0.190005863510208	0.741132257200999	0
0.186945697416697	0.255703414992417	0
0.191738373551594	0.708865413765899	0
0.190530883777562	0.184741578481505	0
0.195592288479764	0.728769109675114	0
0.192976876609272	0.200705917847296	0
0.194432287509737	0.239402540344786	0
0.194176237757852	0.219933966865446	0
0.197907241106834	0.784897656253158	0
0.197458901085057	0.764957205151268	0
0.197394044676861	0.75075365175646	0
0.197822632974325	0.740286470677759	0
0.199231609996578	0.173961338363456	0
0.203314283826753	0.728695795261304	0
0.201153149178146	0.201260455653255	0
0.202176921890608	0.233283488218452	0
0.202675464583908	0.22074831679083	0
0.206524828112751	0.79631488289224	0
0.206241673695703	0.775704072790269	0
0.206176817287508	0.761500519395461	0
0.206111960879312	0.747296966000653	0
0.207461327038666	0.738518101747938	0
0.208022549605995	0.186496778733122	0
0.206745625343682	0.16570935787047	0
0.210377457858976	0.212154547903074	0
0.210436123428207	0.154208295198975	0
0.215310204168355	0.807631904976842	0
0.215027126323218	0.787037864123271	0
0.214962269915022	0.772834310728463	0
0.214897413506827	0.758630757333655	0
0.214510858296134	0.746425178847103	0
0.216761821311276	0.187716948096876	0
0.216171850861257	0.16833238609366	0
0.218732338976545	0.207439192225408	0
0.218386492725772	0.151018866680797	0
0.224091930296225	0.81814959288771	0
0.223808826927117	0.797549962284673	0
0.223743970518922	0.783346408889865	0
0.223679114110726	0.769142855495056	0
0.223298901606621	0.758326329750971	0
0.222334752138424	0.138559524841545	0
0.225504196193981	0.189616713316841	0
0.224913887215517	0.170158013583856	0
0.227905590044798	0.154660816047066	0
0.232870848787376	0.828052408357245	0
0.23258784751415	0.807475136752074	0
0.232522991105954	0.793271583357266	0
0.232458134697759	0.779068029962457	0
0.23208203155285	0.769151453882506	0
0.230306929825099	0.134074132477896	0
0.233720779977972	0.186187194468861	0
0.233655923569776	0.171983641074053	0
0.236645061240056	0.155924673715863	0
0.2365709302719	0.126441989375787	0
0.241818370542863	0.838033332280286	0
0.241370620124796	0.818222004391075	0
0.241305763716601	0.804018450996267	0
0.241241443311779	0.789932282340259	0
0.239161234071139	0.778726536257597	0
0.24021874887511	0.139165762523771	0
0.242399031930783	0.174044038041849	0
0.245394218781992	0.15930984130726	0
0.245152918004026	0.120264973343118	0
0.250591280691437	0.846620320725366	0
0.25014374467472	0.826855946731676	0
0.250078888266524	0.812652393336868	0
0.249464298552245	0.798435728474923	0
0.248552267280447	0.142154338666706	0
0.253457138862006	0.161449030770963	0
0.253657928546796	0.123057746826803	0
0.254333020485771	0.106937063348353	0
0.259192162258879	0.854379056338513	0
0.258909365177414	0.833846502729075	0
0.258844508769218	0.819642949334267	0
0.258453777198908	0.806522748091231	0
0.257308275455976	0.147039795014958	0
0.26266447577442	0.129935456874203	0
0.262272838895579	0.107809344465796	0
0.267961534785188	0.862191305507513	0
0.267678737703723	0.841658751898075	0
0.267613881295527	0.827455198503267	0
0.267223886729855	0.814496401276081	0
0.265316213501054	0.150385921141587	0
0.26740658199082	0.097404031182364	0
0.2714256593603	0.135954328089313	0
0.271845479039612	0.116804818454366	0
0.276729784256809	0.869757605699979	0
0.276447038223285	0.849236231589475	0
0.276382181815089	0.835032678194666	0
0.275993504924377	0.822362451783697	0
0.275533829528332	0.10014869464103	0
0.278408867999287	0.086556744268483	0
0.279544959054417	0.136640650631136	0
0.280605024837407	0.122465014078698	0
0.28549326074601	0.876278622742178	0
0.285210514712485	0.855757248631674	0
0.285145658304289	0.841553695236866	0
0.284759438095706	0.829421482212064	0
0.284919163378768	0.107298686957685	0
0.286340748352303	0.087452975157331	0
0.28903436277915	0.128259701882835	0
0.294428120059897	0.883486471954804	0
0.293980959245541	0.863804267278274	0
0.293916102837345	0.849600713883466	0
0.293312975349053	0.837894276512784	0
0.291132051064985	0.07688084726285	0
0.293687430398119	0.11486883010291	0
0.295924660621732	0.09715466039858	0
0.303337057990923	0.890290591873543	0
0.302749259765102	0.871381746969674	0
0.302684403356907	0.857178193574866	0
0.301946901000904	0.844705203643365	0
0.299223809243168	0.07757307886964	0
0.301694941129396	0.118845874633768	0
0.30469403314804	0.104966909567579	0
0.305929245533791	0.066939420785266	0
0.311779759522204	0.894980852450909	0
0.311497192156471	0.874498606586671	0
0.311432335748275	0.860295053191863	0
0.31105281558186	0.849630149402061	0
0.308652923755117	0.088591298216485	0
0.312767520151704	0.109420255310484	0
0.31435274396792	0.066853168503752	0
0.320538463028983	0.900456586342841	0
0.320255844615309	0.87996316097967	0
0.320190988207114	0.865759607584861	0
0.319814818061783	0.85582835841256	0
0.317424138793022	0.09680705742511	0
0.322244102335422	0.056831381848651	0
0.32345961200736	0.080729010311497	0
0.329296043481075	0.905686371258239	0
0.329013425067401	0.885192945895068	0
0.328948568659205	0.87098939250026	0
0.328573135518513	0.861219547343809	0
0.3254372105593	0.102001968621019	0
0.331208125975722	0.055522215942311	0
0.332347773016196	0.089134880082143	0
0.330216573973153	0.070626367948195	0
0.338051377823791	0.91042425822057	0
0.337768861505998	0.889953191855266	0
0.337704005097802	0.875749638460458	0
0.337328504956689	0.865965120211657	0
0.335537256127311	0.096941560771652	0
0.339881839172545	0.051593004596744	0
0.340947464950197	0.085208136607638	0
0.338971697743116	0.066624137958823	0
0.347121857073954	0.915759920594324	0
0.346534482008692	0.896943747852666	0
0.346469625600497	0.882740194457858	0
0.345739014716439	0.871776436882358	0
0.348226421324144	0.050318245332241	0
0.349188592046554	0.087153603167871	0
0.349123735638358	0.072950049773063	0
0.349067187282452	0.060565959829655	0
0.355728824809693	0.919578473511873	0
0.355281878396687	0.899943222730863	0
0.355217021988491	0.885739669336055	0
0.354620573926854	0.875496026402727	0
0.357591561600116	0.046338152282196	0
0.357906508249005	0.083696917412064	0
0.357841651840809	0.069493364017256	0
0.357777599437674	0.055465887730648	0
0.364480509224676	0.923517026300471	0
0.36403356281167	0.903881775519461	0
0.363968706403474	0.889678222124652	0
0.363133494035675	0.880646743948694	0
0.366040521093926	0.043445412266246	0
0.366624424451456	0.080240231656258	0
0.366559568043261	0.066036678261449	0
0.366496855648559	0.052302663821842	0
0.373229835224816	0.926939086238348	0
0.372783103213158	0.907350789352858	0
0.372718246804963	0.89314723595805	0
0.372125530151426	0.883720771398677	0
0.374376417907883	0.039126494893221	0
0.375338588630293	0.07596185272885	0
0.375273732222097	0.061758299334042	0
0.37521316384089	0.048493823849635	0
0.382243969721245	0.931360196908529	0
0.381544435688864	0.913402267439857	0
0.381479579280669	0.899198714045049	0
0.380464707940856	0.88808192750641	0
0.383795481699712	0.035797575000375	0
0.384059720852985	0.073209475405845	0
0.38399486444479	0.059005922011036	0
0.382503810260342	0.045449110286713	0
0.390872521205304	0.933753694896785	0
0.390285400036377	0.914993125452453	0
0.390220543628181	0.900789572057645	0
0.388587144814507	0.890835292607062	0
0.392548802698524	0.030505567384534	0
0.392784605099292	0.071278791254439	0
0.392719748691097	0.057075237859631	0
0.391762848668527	0.043129167085375	0
0.399472506791836	0.936043157137859	0
0.399025828380516	0.91646659872625	0
0.39896097197232	0.902263045331441	0
0.398697360408431	0.894212121517406	0
0.401240757222871	0.030952246387034	0
0.401505737321985	0.068526413931433	0
0.401440880913789	0.054322860536624	0
0.399949397926643	0.040672141021261	0
0.408363477325567	0.938912417049137	0
0.407776440788752	0.920170382037247	0
0.407711584380556	0.905966828642439	0
0.406699093859961	0.896751441753434	0
0.409617080840101	0.027864327011005	0
0.41022740554805	0.065891421347226	0
0.410162549139855	0.051687867952418	0
0.408713955355979	0.038735882434771	0
0.417310753188289	0.942080907232574	0
0.416531877227349	0.924930627997445	0
0.416467020819154	0.910727074602637	0
0.415667839789241	0.898718957525541	0
0.418686552984599	0.026220850020175	0
0.418950145780863	0.063491198240621	0
0.418885289372668	0.049287644845812	0
0.417393806385522	0.035636925330449	0
0.425533688041983	0.942246855078143	0
0.425251401439921	0.921826096458039	0
0.425186545031725	0.907622543063231	0
0.424354274726887	0.899235376675797	0
0.427455676229927	0.024389534391237	0
0.427678782050785	0.062382207260815	0
0.42761392564259	0.048178653866007	0
0.426227969808502	0.034454376821018	0
0.434841490420572	0.947087220780697	0
0.434028278013459	0.93128173197024	0
0.433963421605263	0.917078178575432	0
0.433012304638699	0.903120067431279	0
0.435946431910563	0.024378256280781	0
0.436405274307213	0.06080367732581	0
0.436340417899017	0.046600123931002	0
0.435219753956855	0.033014761093649	0
0.443582258977963	0.947910700630209	0
0.442762810320489	0.931463973117235	0
0.442697953912294	0.917260419722427	0
0.441461528130435	0.907303219053458	0
0.444365349803432	0.023859900045901	0
0.445132302567014	0.059342532129604	0
0.445067446158818	0.045138978734796	0
0.452263559449961	0.950407672345735	0
0.451513422728725	0.935167756428233	0
0.45144856632053	0.920964203033425	0
0.450602514773399	0.909558944583954	0
0.452942586390311	0.030994385711075	0
0.452877997983802	0.016849524685667	0
0.45386629887067	0.0594073885378	0
0.453801442462475	0.045203835142992	0
0.460334251578891	0.954248940522039	0
0.460269395170696	0.940045387127231	0
0.4602045387625	0.925841833732423	0
0.460139682354305	0.911638280337615	0
0.462431799536066	0.03416370219156	0
0.461609850273965	0.016444842138662	0
0.46259761515746	0.058885321251995	0
0.461400311240875	0.045075806908632	0
0.469665167046866	0.949799070293072	0
0.468965871238207	0.931893311819422	0
0.468901014830011	0.917689758424613	0
0.468854918539889	0.907594670887808	0
0.470404682960515	0.029832866400665	0
0.47033982655232	0.015629313005857	0
0.471328395440875	0.05824586922739	0
0.47126353903268	0.044042315832582	0
0.477808140223314	0.955669885465231	0
0.477743283815118	0.941466332070423	0
0.477678427406923	0.927262778675614	0
0.477595882887401	0.909185528900404	0
0.479138679264172	0.029897722808861	0
0.479073822855977	0.015694169414052	0
0.480062391744532	0.058310725635586	0
0.479997535336336	0.044107172240777	0
0.48654213652697	0.955734741873426	0
0.486477280118775	0.941531188478618	0
0.486412423710579	0.92732763508381	0
0.486329879191058	0.9092503853086	0
0.487872675567829	0.029962579217056	0
0.487807819159634	0.015759025822248	0
0.488796388048189	0.058375582043781	0
0.488731531639993	0.044172028648973	0
0.495276132830627	0.955799598281622	0
0.495211276422432	0.941596044886814	0
0.495146420014236	0.927392491492006	0
0.495063875494715	0.909315241716795	0
0.496606671871486	0.030027435625252	0
0.49654181546329	0.015823882230443	0
0.497530384351845	0.058440438451977	0
0.49746552794365	0.044236885057168	0
0.50400959313091	0.955747069951017	0
0.503944736722715	0.941543516556209	0
0.50387988031452	0.927339963161401	0
0.503609385786675	0.909501668794898	0
0.505504446983717	0.024559843879803	0
0.502080159654043	0.011561047400868	0
0.506270276692611	0.059796526986973	0
0.506205420284415	0.045592973592165	0
0.512738229400832	0.954638078971212	0
0.512673372992636	0.940434525576404	0
0.512608516584441	0.926230972181596	0
0.512543660176245	0.912027418786788	0
0.514080560515908	0.031448380568443	0
0.514015972109399	0.017303519543035	0
0.515004272996268	0.059861383395168	0
0.514939416588072	0.04565783000036	0
0.521469545687621	0.954116011685407	0
0.521404689279426	0.939912458290599	0
0.52133983287123	0.925708904895791	0
0.520768509108746	0.909264019894414	0
0.5234837570314	0.02902805733533	0
0.52156164893397	0.017946455589568	0
0.524465185163901	0.05683278566701	0
0.522772793223378	0.044102013208307	0
0.530198717960916	0.953124405444402	0
0.530133861552721	0.938920852049594	0
0.530101010501517	0.908542467786418	0
0.531493612777436	0.019546157657827	0
0.533160020991023	0.057185969850677	0
0.532381145030084	0.040035690615548	0
0.531015780658929	0.030820943952795	0
0.538926282224091	0.951780644986997	0
0.538861425815895	0.937577091592189	0
0.5387965694077	0.92337353819738	0
0.539072142142109	0.905477953365539	0
0.541381832790029	0.057105968719712	0
0.541099597235908	0.036696389598541	0
0.541035544832773	0.022668913311933	0
0.537056434455579	0.020643892566789	0
0.547653310483892	0.950319499790791	0
0.547588454075696	0.936115946395983	0
0.547523597667501	0.921912393001175	0
0.547442023058846	0.904047553705698	0
0.550438318187707	0.059376977399029	0
0.549851281650891	0.040634942387139	0
0.549787497249443	0.026666158469931	0
0.546590326460314	0.022005877138894	0
0.556378730733572	0.948506200378186	0
0.556313874325377	0.934302646983378	0
0.556249017917181	0.920099093588569	0
0.556165803393443	0.901875112889859	0
0.559187830378492	0.062839813088279	0
0.558600286049006	0.043986571481736	0
0.558535429640811	0.029783018086928	0
0.557304162891422	0.02095564552891	0
0.565103614979879	0.94657551622678	0
0.565038758571684	0.932371962831972	0
0.564973902163488	0.918168409437164	0
0.564891357643967	0.900091159661953	0
0.567931136214425	0.064943457065107	0
0.567343930413386	0.046164353188333	0
0.567279074005191	0.031960799793525	0
0.566133920664452	0.024604260692688	0
0.573826355212692	0.944175293120174	0
0.573761498804497	0.929971739725366	0
0.573696642396301	0.915768186330558	0
0.573497088340341	0.898147852631101	0
0.576870407704787	0.070742519879236	0
0.576120270983551	0.055502603961734	0
0.576055414575355	0.041299050566926	0
0.574588716933947	0.027726166987602	0
0.582549095445505	0.941775070013568	0
0.58248423903731	0.92757151661876	0
0.582419382629114	0.913367963223952	0
0.582487833663108	0.895238733883495	0
0.585275110335924	0.069486074371376	0
0.584828539125279	0.049932992907526	0
0.584764218720457	0.035846824251518	0
0.581560705224741	0.029797490178013	0
0.591269691664824	0.938905307951762	0
0.591204835256629	0.924701754556954	0
0.591139978848433	0.910498201162146	0
0.591056630323851	0.892244874278735	0
0.594026205147196	0.073295503947294	0
0.593579151533514	0.053636776218524	0
0.593514295125319	0.039433222823716	0
0.593612860190116	0.032038966952163	0
0.599989215877396	0.935800776412356	0
0.5999243594692	0.921597223017547	0
0.599859503061005	0.907393669622739	0
0.59977602053558	0.889110996554629	0
0.603129102619714	0.078972173792959	0
0.60234959606657	0.061683794865124	0
0.602284739658375	0.047480241470315	0
0.60148898309446	0.035497582320114	0
0.608708204086594	0.932578860134149	0
0.608643347678399	0.918375306739341	0
0.608578491270203	0.904171753344533	0
0.608495410747308	0.885977118830522	0
0.611673111448984	0.081034362970178	0
0.611085736383721	0.062218190228519	0
0.611020879975526	0.048014636833711	0
0.609390737382345	0.038773469671339	0
0.617424512278925	0.928770020161942	0
0.617359655870729	0.914566466767134	0
0.617294799462534	0.900362913372326	0
0.617209172923615	0.881610701349015	0
0.62011273935691	0.08505150003282	0
0.619829916751475	0.064513356673916	0
0.619765060343279	0.050309803279108	0
0.620638796890051	0.042938072311228	0
0.626139748464509	0.924726410712136	0
0.626074892056313	0.910522857317327	0
0.626010035648118	0.896319303922519	0
0.625736810055465	0.877882906363083	0
0.629042966070212	0.091244809717246	0
0.628596073257543	0.071621297410116	0
0.628531216849347	0.057417744015308	0
0.627935531561741	0.047341148594888	0
0.634033563734173	0.873271643816752	0
0.634853912643345	0.920448031784729	0
0.63478905623515	0.90624447838992	0
0.634724199826954	0.892040924995112	0
0.637629304079452	0.095818506084284	0
0.637346685665778	0.075325080721113	0
0.637281829257583	0.061121527326305	0
0.63690713312153	0.051513086185704	0
0.642774379045171	0.87425882824996	0
0.643567540818808	0.916052268118521	0
0.643502684410613	0.901848714723713	0
0.642382913807407	0.888458993117694	0
0.646823394051349	0.102803859445764	0
0.646123026235943	0.084663331494514	0
0.646058169827747	0.070459778099706	0
0.645261162589294	0.058203221225637	0
0.650665722890414	0.864233861220162	0
0.65227795297403	0.910952196019514	0
0.652213096565835	0.896748642624706	0
0.65214824015764	0.882545089229898	0
0.65514671109301	0.106769973868148	0
0.654863990583455	0.08625418950711	0
0.65479913417526	0.072050636112302	0
0.654423276698564	0.062187861370968	0
0.659071901610559	0.866106679695202	0
0.660987293122505	0.905617354442906	0
0.66092243671431	0.891413801048098	0
0.665337933245453	0.85376736588546	0
0.664086259160217	0.115004660057801	0
0.663638723143499	0.095240286064111	0
0.663573866735304	0.081036732669303	0
0.662970842324584	0.069352869286852	0
0.668369238783246	0.879097167129248	0
0.66969663327098	0.900282512866299	0
0.673470990359491	0.857466563389817	0
0.672849735649417	0.1215256771	0
0.672402199632699	0.10176130310631	0
0.672337343224504	0.087557749711502	0
0.671733411731152	0.07567523523262	0
0.677140085318833	0.887232224329948	0
0.677326236312658	0.843957277297946	0
0.682870454703345	0.868028896978503	0
0.681615570553461	0.12856318699292	0
0.681168356138767	0.10886924384251	0
0.681103499730572	0.094665690447701	0
0.680498702385616	0.082593554467681	0
0.685524634223125	0.889014113944866	0
0.685422947434977	0.847424703965798	0
0.688337445926495	0.834339759833554	0
0.691638516999185	0.875554205674881	0
0.690536641908221	0.138024526709443	0
0.689947912729173	0.118911803048711	0
0.689883056320977	0.104708249653903	0
0.689139236782358	0.090851796729401	0
0.69485436849848	0.857257557807704	0
0.69678584474376	0.83975477858145	0
0.697474256209841	0.825330860799705	0
0.699766779860827	0.878203461904416	0
0.698989362269476	0.144908911051147	0
0.698706565188011	0.124376357441709	0
0.698641708779816	0.110172804046901	0
0.698251959882356	0.097267808158332	0
0.703620989540805	0.864467231984197	0
0.705864609477649	0.847427909351052	0
0.70589951056178	0.830231242436765	0
0.706964419272686	0.817116207098037	0
0.708078179820522	0.154260661318033	0
0.707489873802031	0.135240609819511	0
0.707425017393836	0.121037056424703	0
0.706678824125991	0.106660756799801	0
0.711629070520116	0.86784466070784	0
0.71462808596685	0.853948926393251	0
0.714997524165048	0.837565874804852	0
0.715723228065841	0.822614998706519	0
0.715327315129587	0.808360078321749	0
0.716705442336624	0.162523771135201	0
0.71625763831822	0.142700704772111	0
0.716192781910024	0.128497151377303	0
0.71557868696809	0.114388841658865	0
0.722697897518809	0.857597348212956	0
0.723758052635694	0.843441275783651	0
0.724484247872913	0.828598002362551	0
0.723749863695265	0.812667892767752	0
0.725036416427535	0.798412889430079	0
0.725315729487073	0.172342329426816	0
0.725032370878264	0.151686801329111	0
0.724967514470068	0.137483247934303	0
0.724570641194436	0.12301801322585	0
0.731610143154864	0.786879841865547	0
0.732184085223301	0.848512091031854	0
0.733244285007133	0.834365800664117	0
0.732844620047264	0.819289187107746	0
0.733904641163305	0.805103768493742	0
0.734108405398144	0.185258019858885	0
0.733824791549634	0.164546594266514	0
0.733759935141439	0.150343040871706	0
0.734428373037365	0.134442911732265	0
0.732056771660105	0.125110299203874	0
0.739772401504643	0.786673055566357	0
0.74166544889743	0.838370371201553	0
0.741600592489235	0.824166817806744	0
0.74266074760612	0.81001074537744	0
0.743688492385686	0.771368806038153	0
0.743068982664372	0.198098100634128	0
0.742620428241245	0.178110695636717	0
0.742555571833049	0.163907142241909	0
0.742490715424854	0.149703588847101	0
0.741886577776358	0.137775926391757	0
0.749106529835622	0.793227856766268	0
0.750354420917711	0.828574909550543	0
0.75141390603038	0.814272106197738	0
0.751767941221581	0.771055791979206	0
0.754676918027553	0.756761598712338	0
0.751499333056932	0.209910516179511	0
0.751408024882253	0.189914025924919	0
0.751343168474058	0.175710472530111	0
0.751606509909263	0.160932234184998	0
0.750497801820127	0.148647930202961	0
0.757857593615119	0.797030490383624	0
0.759829888554732	0.81714195759344	0
0.761178496864872	0.7763191187946	0
0.75968625666661	0.222646475747051	0
0.763418916095857	0.758578841578334	0
0.762665257066738	0.742567540234432	0
0.760526952008601	0.196032718834957	0
0.760078772787835	0.176127483154707	0
0.75946500769413	0.162091410198608	0
0.766605864534934	0.800221487730389	0
0.769925464450168	0.779224685881757	0
0.768480336396041	0.235869602399787	0
0.768197258550904	0.215275561546216	0
0.772165125619239	0.761318393106331	0
0.771409705436179	0.744921399049229	0
0.771157454002396	0.729804495905949	0
0.768899750527827	0.195241274120402	0
0.769303792848581	0.175051523382795	0
0.764806590543936	0.168239389508354	0
0.774824761596642	0.797298576702493	0
0.77632335258408	0.719769932083403	0
0.77866968055148	0.781527677976407	0
0.776927969352401	0.253260899730743	0
0.777018623404444	0.234474130378823	0
0.776953766996249	0.220270576984015	0
0.776888910588053	0.206067023589206	0
0.780907123687543	0.763135635972328	0
0.780152277793811	0.746864411278225	0
0.780350837265734	0.732388925505253	0
0.778353063358743	0.190548421651034	0
0.775675320783254	0.179375898099692	0
0.784241402863419	0.715022639538064	0
0.785834970670849	0.701763926089922	0
0.786654356050146	0.779779306439113	0
0.785297238048353	0.267290426442954	0
0.785013828391604	0.246623718846316	0
0.786007033239162	0.226194486268117	0
0.785628802928819	0.207423112124203	0
0.789643225718739	0.763661646711523	0
0.788888954114336	0.747516191380421	0
0.78882409770614	0.733312637985613	0
0.785138201026237	0.196581312332158	0
0.793721215105562	0.716133158127484	0
0.792769167167332	0.691276375942671	0
0.791857666602841	0.282786384565781	0
0.793955615336394	0.25741871958826	0
0.793705480428753	0.237415180889306	0
0.794541587430202	0.216402578552518	0
0.797688878832935	0.762019370661025	0
0.797624022424739	0.747815817266217	0
0.797559166016544	0.733612263871408	0
0.798042502591918	0.674276945024758	0
0.797776356568691	0.298176910424661	0
0.792758719803332	0.203954634294179	0
0.802192870513645	0.715980868402331	0
0.801368899327707	0.698543707155732	0
0.801979560313963	0.683238437112616	0
0.800758724998482	0.27511547843539	0
0.804669387117973	0.661769347914543	0
0.802676681734111	0.252821610486397	0
0.802782663200061	0.232385552002888	0
0.804068083278886	0.31400482204291	0
0.802257937494594	0.222562948554678	0
0.805960536493376	0.747772079390938	0
0.806295306333695	0.734146659234804	0
0.806200982501941	0.291209666320014	0
0.81073315743146	0.717093376904275	0
0.810106647654978	0.699430256735528	0
0.810041791246782	0.68522670334072	0
0.810867169441576	0.670369493831908	0
0.809903723360263	0.645838255646892	0
0.809114442351379	0.328713739036693	0
0.809749284585281	0.273407683727839	0
0.812865844132014	0.631358167767762	0
0.811561034741983	0.25286889515242	0
0.809813287903858	0.237744401818511	0
0.81303768085797	0.34441435405768	0
0.814223242897479	0.731564462982889	0
0.813474394465053	0.302170820450557	0
0.817627997449246	0.662715041235001	0
0.817627762124958	0.616448023459121	0
0.817161030093306	0.362344387878887	0
0.81718459772623	0.287140979569517	0
0.819151715749802	0.713282325918153	0
0.818824563857429	0.695973570979721	0
0.818325683680523	0.683318829110654	0
0.817851885235551	0.31994442431467	0
0.820663680765859	0.601940087148578	0
0.82148368850463	0.640761757352395	0
0.820206492221724	0.27049325557722	0
0.821078041151553	0.378044956656446	0
0.818402550534681	0.255792592553686	0
0.822565326146264	0.584430937890074	0
0.821869073528872	0.339897480954721	0
0.82425229283347	0.397005956882724	0
0.826115084269071	0.672767784505299	0
0.826041194166592	0.653535325213778	0
0.826321679827347	0.568356953428966	0
0.825392354246644	0.29485197649223	0
0.826410105932906	0.705346996974509	0
0.827386145742605	0.693055675814973	0
0.827635417089255	0.625930079470942	0
0.826543243653205	0.320260555951409	0
0.825757856827758	0.30168439738909	0
0.828250141949685	0.55323632615365	0
0.827597131384239	0.418094886998571	0
0.82751793951327	0.359838918933411	0
0.829371931040808	0.606302565005289	0
0.828753453125989	0.537509913302422	0
0.828764098748546	0.438411286925445	0
0.827746365533578	0.277627723694664	0
0.829920999496554	0.517892520367139	0
0.829894158076638	0.460873064002025	0
0.830125232930683	0.3753642251177	0
0.831948415028199	0.589296456714523	0
0.830938227336912	0.343225347983798	0
0.832734219902496	0.644950203847115	0
0.831993617979366	0.499835885664534	0
0.83135024802534	0.483137887427247	0
0.832488183187315	0.471525642341703	0
0.833098668696277	0.398739432737378	0
0.834379582758137	0.679259612284839	0
0.834464884220936	0.662923126521264	0
0.835021077054855	0.321049276157313	0
0.834797691158873	0.301850847052082	0
0.832852263478777	0.290439180613562	0
0.837089866737783	0.574095358251416	0
0.836445496093986	0.55571703222834	0
0.836177137071646	0.420873893047998	0
0.838194346063921	0.62959512164922	0
0.837489273330014	0.61042421654628	0
0.837538214561118	0.540890024448075	0
0.837686522571468	0.444965763978236	0
0.839194083107422	0.524237477529818	0
0.838652200963013	0.384378225379734	0
0.837960241627543	0.365806212961157	0
0.84048334988852	0.595446865709891	0
0.839021974976583	0.349925773012304	0
0.838910687276157	0.334868768246014	0
0.841594546990147	0.651670998280013	0
0.840631101770827	0.505157006511928	0
0.840104612457191	0.487663363909845	0
0.840039756048995	0.473459810515037	0
0.839983274693511	0.461090393663979	0
0.842221698162729	0.404825037967739	0
0.840533325822108	0.668491606012794	0
0.842049519840972	0.31743797682522	0
0.845901121680198	0.578578677893522	0
0.845196108502222	0.559420815539338	0
0.845142697342532	0.424984926598632	0
0.846942754902732	0.632816323256262	0
0.846237741724755	0.613658460902078	0
0.846224740207028	0.543934193761418	0
0.846879022466752	0.447251830978127	0
0.847847490878471	0.525697448623396	0
0.847403956027678	0.386059308875227	0
0.846699061961562	0.366927532018554	0
0.849460606316623	0.597194911129381	0
0.847727776128425	0.351458969431218	0
0.846721609836808	0.337089510622998	0
0.8433467181958	0.328284368804897	0
0.846011726968923	0.651101244560745	0
0.849345870442357	0.506082512370242	0
0.848846112808077	0.489371606661241	0
0.848781256399881	0.475168053266433	0
0.849020179903626	0.462287289197041	0
0.85097044535776	0.406209570022413	0
0.854488725419783	0.579541215585562	0
0.853936000842987	0.560776904074334	0
0.85386537123179	0.425766498341244	0
0.852654595444701	0.627909182593755	0
0.854177738364443	0.613717421273164	0
0.855057090184652	0.545475424340788	0
0.85560470217885	0.448052413105093	0
0.856674652275684	0.526390868830805	0
0.856152075523927	0.385353143786296	0
0.85437230758903	0.366528030837492	0
0.857710179263707	0.596958203793431	0
0.852785290933944	0.352241441586737	0
0.8580505749061	0.505528456849775	0
0.857573141067878	0.487910461465036	0
0.857508284659682	0.473706908070227	0
0.857852934828853	0.462245279932642	0
0.859884709216504	0.40295178274921	0
0.862020941728264	0.570843650432765	0
0.862598215234543	0.429201501484393	0
0.862382319669383	0.410900377776348	0
0.863349402038091	0.5491267882889	0
0.864497487886663	0.451842143599885	0
0.865072435733861	0.530559713892353	0
0.860265396679155	0.38199431884641	0
0.866480905903801	0.507727465347864	0
0.866308209378282	0.488210087350831	0
0.866243352970086	0.474006533956023	0
0.866193370655506	0.463060407062917	0
0.867241391251574	0.431756872043662	0
0.868910461089755	0.449523105861389	0
0.185058341716305	0.196918833994552	0
0.182048007113281	0.204322222598985	0
0.186693492176521	0.221683451448464	0
0.183705763340228	0.234037502967007	0
0.165564635538526	0.261130514394222	0
0.156556237496185	0.28829134312163	0
0.147717382704328	0.352582143704859	0
0.147785200004521	0.367434132447187	0
0.14332056107513	0.389678206910583	0
0.131347039963228	0.434143750070643	0
0.126972824100761	0.476190476190476	0
0.127074550051051	0.498468459303968	0
0.127232790418169	0.533123099702734	0
0.127311910601728	0.550450419902117	0
0.132013910081795	0.58018830603687	0
0.135306816768958	0.634668203858804	0
0.150641061868216	0.659534547263007	0
0.156819971441381	0.679382410452906	0
0.167576548777593	0.701739513749958	0
0.176811004487245	0.724085314163643	0
0.179877853507096	0.729058582844483	0
0.201323190879327	0.758920800696258	0
0.205923464409104	0.766380703717518	0
0.227300984481141	0.781390932826964	0
0.227300984481141	0.781390932826964	0
0.238023653167256	0.796322041752851	0
0.257958171796292	0.828648288178314	0
0.262558445326069	0.836108191199575	0
0.279335691868329	0.84365851728776	0
0.297668968687245	0.858646140630475	0
0.320568610385843	0.873667672623286	0
0.33275688628169	0.876233427147265	0
0.363267136113089	0.891311473556904	0
0.377056653819056	0.911215851163632	0
0.402977933004043	0.921309326009065	0
0.422765514149326	0.921456263492817	0
0.428876606422298	0.926452137940388	0
0.43800933618166	0.926519955240582	0
0.466963555736402	0.934160704395691	0
0.480707861908906	0.9441637561742	0
0.488307167158342	0.941744939133973	0
0.489817985901537	0.939280910560284	0
0.518726993922816	0.937020333887174	0
0.524804177545692	0.934590213963582	0
0.559812974956578	0.93485018028099	0
0.564345431186162	0.927458094559922	0
0.611497292959434	0.92038248957309	0
0.629683632294598	0.903190803974094	0
0.638748544753767	0.888406632531959	0
0.669134462868144	0.876256032913996	0
0.670645281611339	0.873792004340307	0
0.696476137729401	0.864082827529303	0
0.664534189338367	0.868796129892736	0
0.672156100354534	0.871327975766618	0
0.72223917654727	0.83952166197597	0
0.716139387157664	0.837001118985453	0
0.711573022277983	0.836967210335356	0
0.757078430707673	0.802651656437557	0
0.757033219174211	0.792750330609338	0
0.755499794664285	0.790263696268918	0
0.746400973555021	0.797621873339889	0
0.737279546679024	0.80002938749675	0
0.76155437252043	0.782882913431216	0
0.806878934816272	0.708962056220542	0
0.824839216484125	0.642263741480452	0
0.835347130386295	0.6101635527223	0
0.845855044288464	0.578063363964147	0
0.845843741405099	0.575588032507092	0
0.854693899080322	0.513772563380918	0
0.856216020706882	0.513783866264284	0
0.857421661599207	0.444485888350118	0
0.852753570769236	0.422173996586529	0
0.842132628033411	0.429520870774134	0
0.857150392398434	0.385077933380805	0
0.854117452028679	0.387530659071129	0
0.822073777687355	0.36996597832107	0
0.824891963273164	0.320481954946707	0
0.824824145972971	0.305629966204379	0
0.823302024346411	0.305618663321013	0
0.808046899430711	0.298079640116193	0
0.798823746604425	0.278209171159563	0
0.777389712115561	0.250822284764843	0
0.783512107271898	0.25829349066947	0
0.777401014998926	0.253297616221898	0
0.719108277855014	0.15385484837182	0
0.709964245212287	0.151311699614572	0
0.542146568256229	0.065907112904502	0
0.54975717638903	0.06596362732133	0
0.571066879160874	0.066121867688447	0
0.590910974722985	0.078645462457473	0
0.592433096349545	0.078656765340838	0
0.613776707771486	0.08624100007912	0
0.624454164924139	0.091270783176788	0
0.625987589434065	0.093757417517209	0
0.647353806622736	0.1062923151696	0
0.670253448321333	0.121313847162411	0
0.683986451610473	0.128841567483865	0
0.68858672514025	0.136301470505126	0
0.700808909686194	0.146293219400269	0
0.671752964181163	0.116374487131667	0
0.638119350913085	0.083946514755914	0
0.589309732912866	0.061306839374724	0
0.581665216129968	0.053824330586733	0
0.531344779386555	0.033648683779232	0
0.522212049627193	0.033580866479039	0
0.487203252216307	0.033320900161631	0
0.45067233317886	0.033049630960858	0
0.4491502115523	0.033038328077493	0
0.38978746811645	0.032597515626236	0
0.379200434030721	0.047370384185006	0
0.344202939503201	0.049585749324653	0
0.336592331370399	0.049529234907825	0
0.329038237654426	0.061849377776271	0
0.332127692441008	0.071773309371221	0
0.395966377689615	0.052445378816136	0
0.418798202088019	0.052614922066619	0
0.456851242752026	0.052897494150758	0
0.470550337391068	0.052999220101048	0
0.487293675283231	0.053123551818069	0
0.566376182564172	0.038859313010749	0
0.59079794588933	0.053892147886926	0
0.596909038162302	0.058888022334498	0
0.633496471616576	0.071535948820544	0
0.639618866772914	0.07900715472517	0
0.653397081595515	0.096436200874843	0
0.671820781481356	0.131226475873995	0
0.69323221020349	0.153662699354605	0
0.708498638002554	0.16367705401648	0
0.72226554994179	0.178630768709098	0
0.725343701845007	0.186079368846993	0
0.732988218627905	0.193561877634985	0
0.745187797407118	0.198602963616018	0
0.65653174791556	0.116261458298012	0
0.687041997746959	0.131339504707651	0
0.685553784770495	0.138754196195449	0
0.696208636156417	0.138833316379008	0
0.709975548095652	0.153787031071626	0
0.71609794325199	0.161258236976253	0
0.738963676300491	0.1688537745979	0
0.740598826760707	0.193618392051812	0
0.742154857037364	0.201055689306342	0
0.752753194006458	0.188758152204627	0
0.66866350939458	0.106450555536717	0
0.648774202299006	0.084025634939473	0
0.636698955236814	0.106213194986041	0
0.645854290762907	0.111231675200343	0
0.601611037642369	0.08862590846925	0
0.601611037642369	0.08862590846925	0
0.616820951024606	0.086263605845851	0
0.621387315904287	0.086297514495948	0
0.59696555257913	0.071264679619771	0
0.610732464518365	0.086218394312389	0
0.569488243117486	0.053733907519808	0
0.551166269181935	0.041221615634148	0
0.502458377132006	0.040859923366451	0
0.138181516771595	0.597560837769715	0
0.161454153621255	0.694268307845331	0
0.185864614063047	0.706825811264453	0
0.18743194722307	0.716738439976038	0
0.19207743228631	0.734099668825517	0
0.306858212863435	0.871090615215942	0
0.338901887204759	0.888655295966001	0
0.377000139402228	0.898839193878358	0
0.459296433186773	0.92172753269359	0
0.524770268895595	0.927164219592418	0
0.558245641796556	0.924937551569405	0
0.599252502646759	0.905440077763838	0
0.606817899246098	0.895595266352446	0
0.616007143422287	0.908039740937913	0
0.684378284900478	0.881319724661761	0
0.713095143904543	0.836978513218722	0
0.749501731224969	0.810021136391893	0
0.775253467159472	0.782984639381506	0
0.7949280194711	0.758378262294711	0
0.776639954185646	0.753291964780215	0
0.812933512672416	0.70158127338284	0
0.833847614526465	0.615102912753043	0
0.847230228431273	0.545895357905802	0
0.852866599602892	0.446927311157076	0
0.848288931839846	0.444418071049925	0
0.848368052023404	0.461745391249308	0
0.848435869323598	0.476597379991636	0
0.84718501689781	0.535994032077583	0
0.853307412054148	0.543465237982209	0
0.850285774567759	0.548393295129588	0
0.848842773124757	0.565709312445605	0
0.838380070756049	0.607710827031976	0
0.836541468395254	0.538390243351079	0
0.836304107844578	0.48640828275293	0
0.832819052140201	0.389847750161066	0
0.840553991990023	0.417132910605495	0
0.84827762895648	0.44194273959287	0
0.822028566153892	0.360064652492851	0
0.823550687780453	0.360075955376216	0
0.824948477689992	0.33285861223198	0
0.807843447530131	0.253523673889209	0
0.806321325903571	0.253512371005844	0
0.814067568636759	0.283272862907328	0
0.330537753514255	0.056910017745527	0
0.318473809335428	0.081572909249149	0
0.20174516519164	0.1846665084263	0
0.201801679608468	0.197043165711573	0
0.20781104593115	0.179761057045652	0
0.183581431623207	0.206808856939405	0
0.174573033580866	0.233969685666814	0
0.17161921339467	0.25374973155652	0
0.170142303301572	0.263639754501373	0
0.224463960756389	0.160082737106236	0
0.123084632223013	0.624676454963661	0
0.158455121901597	0.704147027906819	0
0.185977642896703	0.731579125835	0
0.187499764523263	0.731590428718366	0
0.202867918272618	0.763882766493732	0
0.208967707662225	0.766403309484249	0
0.218281283555435	0.806076430097318	0
0.221325526808555	0.806099035864049	0
0.247246805993542	0.816192510709482	0
0.268635628948945	0.833678071275982	0
0.119486547684981	0.50336260780125	0
0.126724160666719	0.421733184135273	0
0.210810077650809	0.169882336984165	0
0.203312498351663	0.194579137137884	0
0.212343502160734	0.172368971324585	0
0.318530323752256	0.093949566534423	0
0.34895015051673	0.089224961287624	0
0.371714157614941	0.07454251579578	0
0.357845519725415	0.037310817989669	0
0.38219946575038	0.037491664123518	0
0.38372158737694	0.037502967006883	0
0.408064230518539	0.035208481683678	0
0.418696476137729	0.030336938953127	0
0.441494391886037	0.023080487832446	0
0.446049453882352	0.020639065025488	0
0.519213017907535	0.043459586540527	0
0.529879172176822	0.04601403818114	0
0.558889906148392	0.066031444621523	0
0.568045241674485	0.071049924835826	0
0.596976855462495	0.073740011076826	0
0.616843556791337	0.091214268759961	0
0.630553954313745	0.093791326167305	0
0.636642440819986	0.093836537700767	0
0.630587862963842	0.101217320538469	0
0.659508173868487	0.101432075322415	0
0.676409752127768	0.136211047438201	0
0.69163096839337	0.136324076271857	0
0.708476032235823	0.15872639110237	0
0.720686913898402	0.166242808540459	0
0.725264581661449	0.16875204864761	0
0.720607793714843	0.148915488341076	0
0.728365339331397	0.181151311699614	0
0.765099710269423	0.225978547127372	0
0.765111013152788	0.228453878584427	0
0.688439787656498	0.104122161563415	0
0.622728591396999	0.046703514066438	0
0.653238841228397	0.061781560476077	0
0.673116845440605	0.081731149616267	0
0.712816339448193	0.109253670611373	0
0.276336660148671	0.853537237349248	0
0.302280545100388	0.86858137510879	0
0.337289342511275	0.868841341426198	0
0.378510958145423	0.896375165304669	0
0.405999570490432	0.916381268861687	0
0.413655390156696	0.926339109106733	0
0.467076584570057	0.958914018966238	0
0.433556000135634	0.951239361161032	0
0.412212388713694	0.94365512642275	0
0.412212388713694	0.94365512642275	0
0.39392432342824	0.938568828908254	0
0.386313715295438	0.938512314491427	0
0.407657326717379	0.946096549229708	0
0.410701569970499	0.94611915499644	0
0.358825102950429	0.918506210934409	0
0.262592353976166	0.843534185570739	0
0.254925231426537	0.831101013868638	0
0.276280145731843	0.841160580063974	0
0.192088735169675	0.736575000282572	0
0.564334128302797	0.924982763102867	0
0.538446757767906	0.922315282628598	0
0.653969761019369	0.888519661365614	0
0.660001733108783	0.876188215613803	0
0.678278495510872	0.878799181671244	0
0.758544037917406	0.790286302035649	0
0.776651257069012	0.75576729623727	0
0.790226019991033	0.728640376159958	0
0.809787543469005	0.679280684502617	0
0.782536291674673	0.711256541543748	0
0.147547839453845	0.315452171849039	0
0.124851649655827	0.344986606083212	0
0.118842283333145	0.362268714749132	0
0.112832917010463	0.379550823415053	0
0.111389915567461	0.39686684073107	0
0.105448366544972	0.429000938139319	0
0.114795851088279	0.476100053123552	0
0.113431969828837	0.510743390638952	0
0.114999302988859	0.520656019350536	0
0.153579811543258	0.303120726097227	0
0.167131968698548	0.271043143105806	0
0.244138513068017	0.135476360019441	0
0.289677830147804	0.108586800492806	0
0.322994962681647	0.071705492071027	0
0.370011189854532	0.034925909599539	0
0.420173386230827	0.020446916008274	0
0.444549938022523	0.025578425056232	0
0.441596117836327	0.045358470945938	0
0.453773090848809	0.045448894012863	0
0.455295212475369	0.045460196896228	0
0.496392496392496	0.045765374747098	0
0.806513474920786	0.295593005775773	0
0.81114765710066	0.310478903168198	0
0.811204171517487	0.322855560453471	0
0.837792320821041	0.478993591265132	0
0.836281502077847	0.481457619838821	0
0.744811034628267	0.782758581714195	0
0.709994386234595	0.824579250166718	0
0.679631073886948	0.841680512698789	0
0.664466372038174	0.853944141150407	0
0.309913758999921	0.873588552439727	0
0.468530888896424	0.944073333107276	0
0.438077153481853	0.94137194398291	0
0.291580482181004	0.858600929097013	0
0.250324957896759	0.823641110847377	0
0.248802836270199	0.823629807964011	0
0.30999287918348	0.89091587263911	0
0.331347793488786	0.900975438834447	0
0.355746951047212	0.911057610796514	0
0.127929801559044	0.352435206221107	0
0.133939167881727	0.335153097555186	0
0.38676583063006	0.037525572773614	0
0.265298023418315	0.485882352319501	1
0.266329081209209	0.505957818744415	1
0.265895515603226	0.460284692435135	1
0.266985916120996	0.443600782253934	1
0.268399114326543	0.524149149278657	1
0.268730582477705	0.429994183718825	1
0.269875126384571	0.540207736329691	1
0.271181098604144	0.416355580824776	1
0.273457128027508	0.553797961483361	1
0.273500978633655	0.402769216171595	1
0.274445028008929	0.474857058466978	1
0.275226102938921	0.503605390646315	1
0.27373908962435	0.488035528918856	1
0.276003117480603	0.457759076004911	1
0.277129370517771	0.524448739430894	1
0.278287841308994	0.567719487769804	1
0.277560800684101	0.438543037342895	1
0.2789322972725	0.388867787884661	1
0.281252793422291	0.535496381534349	1
0.280720044354971	0.418824335791282	1
0.282267903836625	0.582269531612032	1
0.282636144109823	0.552790132206917	1
0.282168915924722	0.375119146508549	1
0.283779479293087	0.500960484552096	1
0.28349637592398	0.480360853949059	1
0.284623675097445	0.46130520883952	1
0.284795329051756	0.40465152601854	1
0.286352023230283	0.520878420959902	1
0.286263431493214	0.444327449930024	1
0.286536520058142	0.428897294045953	1
0.28784233331593	0.593410082168024	1
0.28835751813825	0.56377082748902	1
0.287862738228669	0.362629305201521	1
0.290420419858319	0.547726222468843	1
0.291220184536349	0.532434653692913	1
0.290843165719011	0.422957527995384	1
0.289868835952754	0.392835223547853	1
0.291986300858158	0.611721612711877	1
0.292916456545737	0.583256349556234	1
0.292339350646862	0.495597982649018	1
0.292208396089322	0.475612936066451	1
0.29455018206623	0.51650398257077	1
0.293713794476331	0.34771615552639	1
0.2946344813587	0.459203514388274	1
0.295325791709693	0.441067451642905	1
0.295095639383959	0.375792773920178	1
0.298205121431716	0.563041571927778	1
0.297491700941566	0.406802484584888	1
0.299340165466723	0.536611220190056	1
0.298823804699965	0.426344083207236	1
0.300224369080209	0.624790740490608	1
0.299940780755668	0.604084904647703	1
0.299875924347473	0.589881351252895	1
0.301258384248446	0.579656014896325	1
0.301408634927432	0.499538893852459	1
0.301581268710257	0.480351682335779	1
0.300716631533481	0.334720358785634	1
0.303130965634162	0.520275256363684	1
0.302169642643404	0.360079214390063	1
0.303445851450922	0.46089522781659	1
0.303785731473668	0.441488936406771	1
0.303209186393138	0.389607576762992	1
0.307269099278889	0.565820374217098	1
0.30682038405475	0.545797753798048	1
0.308452089991103	0.533646289318747	1
0.307057235012117	0.423788083089427	1
0.30830362450113	0.406947330563191	1
0.309193762325732	0.639561520731638	1
0.308744993501256	0.619527161838708	1
0.30868013709306	0.605323608443899	1
0.308615280684865	0.591120055049091	1
0.308571730410766	0.581582545021586	1
0.309782383363749	0.498955480980556	1
0.310313954783445	0.480129598271352	1
0.309068962873598	0.342716393637666	1
0.308649443455435	0.32329165371491	1
0.310190356375907	0.373021533039851	1
0.312150975890324	0.520877157523379	1
0.312179005463563	0.460775622492386	1
0.312797469340199	0.442004184538546	1
0.312238649746158	0.39485924504689	1
0.313598130948058	0.311780493873423	1
0.315831179306882	0.565081572691014	1
0.315547948317924	0.544453993340643	1
0.315981949398661	0.424220192418575	1
0.317035655459084	0.406581776262453	1
0.317818986103523	0.652651200411148	1
0.317535806162505	0.63203480055971	1
0.31747094975431	0.617831247164902	1
0.317406093346114	0.603627693770094	1
0.317341236937919	0.589424140375286	1
0.318358988232365	0.580471633363025	1
0.317424630129448	0.355561205280779	1
0.318306268695879	0.498763937353959	1
0.317758902677749	0.478032901963982	1
0.318106277530735	0.33675795680292	1
0.318847329845589	0.323098383022305	1
0.31930164866104	0.376735734057442	1
0.320431772833683	0.529331372828045	1
0.319384079795233	0.515166635010869	1
0.31951217822051	0.45628017496069	1
0.321287353329676	0.4393234529998	1
0.320674656806799	0.392082929675785	1
0.321829624964866	0.304505896813806	1
0.32455310277265	0.562502477601474	1
0.325610458760806	0.545663395619086	1
0.324506589591015	0.419836067682764	1
0.32502241094862	0.402390922219247	1
0.326603800631783	0.663845248007483	1
0.326320722786646	0.643251207153912	1
0.32625586637845	0.629047653759104	1
0.326191009970255	0.614844100364296	1
0.326126153562059	0.600640546969487	1
0.326061297153864	0.586436993574679	1
0.327077261770399	0.577093204099752	1
0.326725039064679	0.357954406743192	1
0.326514577340068	0.337945293609154	1
0.326896668337478	0.325023205168563	1
0.325424569813074	0.533933721127795	1
0.328801103921563	0.379154534687565	1
0.330298245005696	0.393768377394825	1
0.32998285299338	0.292158573645663	1
0.330693825421339	0.311350458892344	1
0.331436365783654	0.563804813931496	1
0.330014143365755	0.408830131746563	1
0.33538973821473	0.675285244580352	1
0.335106711417534	0.654702383225714	1
0.335041855009338	0.640498829830906	1
0.334976998601143	0.626295276436098	1
0.334912142192947	0.612091723041289	1
0.334847285784752	0.597888169646481	1
0.334782429376556	0.583684616251673	1
0.334947161080017	0.576290851716546	1
0.335705489719478	0.359828756940041	1
0.335256077690954	0.339653536360551	1
0.335272818862986	0.325931849998534	1
0.336669049583964	0.388274335371791	1
0.337584655013299	0.377651887515867	1
0.33799590360163	0.291577115775537	1
0.339748679299976	0.31186765748084	1
0.34121029668963	0.277427258432969	1
0.344165568305492	0.684511700364419	1
0.343882515984325	0.663923249260315	1
0.343817659576129	0.649719695865506	1
0.343752803167934	0.635516142470698	1
0.343687946759738	0.62131258907589	1
0.343623090351543	0.607109035681082	1
0.343571902029372	0.595898793125676	1
0.339562775463261	0.587300227007727	1
0.34399587474223	0.364172760547146	1
0.344025450217262	0.347465785529551	1
0.343960593809067	0.333262232134742	1
0.344494319168246	0.319738063015866	1
0.348129717382172	0.298654129117085	1
0.348924988740419	0.274902169061484	1
0.352938590759534	0.693123283707153	1
0.352655640534248	0.672557191600915	1
0.352590784126053	0.658353638206107	1
0.352525927717857	0.644150084811299	1
0.352461071309662	0.629946531416491	1
0.352399698923394	0.616505978823883	1
0.348971868015862	0.604801139155564	1
0.352788390703089	0.35386941783295	1
0.352723534294894	0.339665864438141	1
0.352658677886698	0.325462311043333	1
0.35267300704355	0.311212393356716	1
0.35295169306422	0.265432613226376	1
0.357230373493525	0.294250968604323	1
0.358997811117484	0.275270419143894	1
0.361877801910335	0.701284185203846	1
0.361430373094292	0.681543288157916	1
0.361365516686097	0.667339734763108	1
0.361300660277901	0.653136181368299	1
0.361235803869706	0.638932627973491	1
0.360631130217836	0.626887580779347	1
0.361066212402325	0.340972051059063	1
0.361401250244331	0.32740532327233	1
0.361336393836136	0.313201769877522	1
0.361830666369227	0.259159426277312	1
0.365929448783277	0.296257095230551	1
0.367279819140504	0.277273216364552	1
0.37047705504848	0.708686294801019	1
0.370194385586866	0.688181689938915	1
0.37012952917867	0.673978136544107	1
0.370064672770475	0.659774583149299	1
0.369999816362279	0.64557102975449	1
0.369626259233395	0.63621203118384	1
0.370142214591844	0.328996181284926	1
0.370077358183648	0.314792627890118	1
0.369911752993209	0.259205087809143	1
0.372829831221542	0.246904106039598	1
0.374720476239996	0.299222801896217	1
0.376033771262067	0.281708396894227	1
0.379236039318931	0.714223515937084	1
0.378953574049078	0.693763629070714	1
0.378888717640882	0.679560075675906	1
0.378823861232687	0.665356522281097	1
0.378761684841359	0.65173989258029	1
0.375344104998345	0.642280036041522	1
0.378832258618872	0.319435489111516	1
0.379328335696654	0.2657883407986	1
0.38087523547703	0.2452073299318	1
0.38348174171528	0.305259606890866	1
0.384793619420739	0.287434809550703	1
0.387997550462428	0.72031412227035	1
0.387714906524784	0.699815107157712	1
0.387650050116588	0.685611553762904	1
0.387585193708393	0.671408000368096	1
0.387196204149046	0.65866929952616	1
0.388089846840152	0.271878947131866	1
0.390333410624262	0.254827327049894	1
0.389578947590082	0.238639948597791	1
0.391483188908395	0.307908736564048	1
0.393557095909939	0.293955826592902	1
0.396924632622605	0.725818774820482	1
0.396477311007237	0.706101354722311	1
0.396412454599042	0.691897801327503	1
0.396347598190846	0.677694247932695	1
0.395742182380459	0.66548666802329	1
0.396852930260211	0.278313882032278	1
0.399098571695493	0.261717267556893	1
0.398007079524235	0.244170520739628	1
0.399409926909079	0.232614042338404	1
0.401766056293722	0.299416299114056	1
0.406031171765102	0.732292970391524	1
0.405251507563908	0.714970066540512	1
0.405186651155712	0.700766513145704	1
0.405121794747517	0.686562959750896	1
0.404314958919426	0.672878441872811	1
0.405623481993942	0.286384377626638	1
0.407868786512818	0.269713978458293	1
0.407111796605591	0.25297321480899	1
0.407384398987972	0.236600623262616	1
0.411705244271544	0.22725007344514	1
0.414581003615541	0.735630401204809	1
0.413993543918167	0.716795694030709	1
0.413928687509972	0.7025921406359	1
0.413863831101776	0.688388587241092	1
0.413131420777822	0.677030752328192	1
0.413638531017108	0.291287807954682	1
0.416641107057681	0.278171843690693	1
0.415883849148768	0.261372387671991	1
0.41694547827493	0.247539123274387	1
0.419674430974315	0.230389657052778	1
0.423015799432905	0.738589310434209	1
0.422733436258933	0.718151782565705	1
0.422668579850737	0.703948229170897	1
0.422603723442542	0.689744675776088	1
0.422231684989882	0.680718267298705	1
0.424725582130501	0.285031576579	1
0.424660725722306	0.270828023184191	1
0.425137453428633	0.221807834659259	1
0.425723694856902	0.257288220633588	1
0.429248509619279	0.243864516413687	1
0.432193885875507	0.742069890880087	1
0.431494232731265	0.724085875913903	1
0.43142937632307	0.709882322519095	1
0.431364787916561	0.695737461493687	1
0.428311301765092	0.68776810973591	1
0.433440818316085	0.280987967129193	1
0.433603725055679	0.223514526829468	1
0.434503876784576	0.267467728701722	1
0.438031246496367	0.254603558403436	1
0.440505691606622	0.743515028293003	1
0.44022340500456	0.723094269672898	1
0.440158548596365	0.70889071627809	1
0.440095568199977	0.695098009469082	1
0.436111365790734	0.691957833705337	1
0.442686950078331	0.239786932757896	1
0.441880548767681	0.216608601936151	1
0.442952198179132	0.277419792671695	1
0.446815162580877	0.265600846818544	1
0.449815844211114	0.748145593341773	1
0.44899599355111	0.731610827274699	1
0.448931137142915	0.71740727387989	1
0.448541194688681	0.701561888551665	1
0.445257102019147	0.695253718449089	1
0.451472623413117	0.251169058983345	1
0.450685297516642	0.232168243865956	1
0.450601680990374	0.213856224613145	1
0.454845577034085	0.273869306325523	1
0.458373894830475	0.752312390797674	1
0.457756790023443	0.737544920622898	1
0.457691933615247	0.723341367228089	1
0.457440228311758	0.704824227947445	1
0.453605890565037	0.697898091092331	1
0.460263152307875	0.26361455284263	1
0.459475574174518	0.244558497848158	1
0.459410717766323	0.23035494445335	1
0.459327369241741	0.21210161756994	1
0.46705138943439	0.750562890976895	1
0.466464522161797	0.73185792482989	1
0.466399665753602	0.717654371435082	1
0.465653529914689	0.70329064874648	1
0.468331779247337	0.271387074702769	1
0.468266922839141	0.257183521307961	1
0.468202066430946	0.242979967913153	1
0.46813721002275	0.228776414518345	1
0.468054531502386	0.210669818558434	1
0.475638562346128	0.755842378450727	1
0.475241934738709	0.741430945080891	1
0.475177078330513	0.727227391686083	1
0.474898211940454	0.707555659494512	1
0.477060951520632	0.270395468461764	1
0.476996095112436	0.256191915066956	1
0.476931238704241	0.241988361672147	1
0.476866382296045	0.227784808277339	1
0.476904867338264	0.210131027967376	1
0.484052043521405	0.758164434398696	1
0.483987187113209	0.743960881003888	1
0.483922330705014	0.729757327609079	1
0.483827994111275	0.709097613580268	1
0.485793339814168	0.270108170653559	1
0.485728483405973	0.255904617258751	1
0.485663626997777	0.241701063863943	1
0.485598770589582	0.227497510469135	1
0.48551622607006	0.209420260693924	1
0.492786039825062	0.758229290806891	1
0.492721183416866	0.744025737412083	1
0.492656327008671	0.729822184017275	1
0.492561990414932	0.709162469988463	1
0.494527336117825	0.270173027061755	1
0.494462479709629	0.255969473666946	1
0.494397623301434	0.241765920272138	1
0.494332766893238	0.22756236687733	1
0.493894691336064	0.209869833523461	1
0.50151574810173	0.757355069304686	1
0.501450891693535	0.743151515909878	1
0.501386035285339	0.72894796251507	1
0.500628892234292	0.712173660368967	1
0.504337078430144	0.704546294077875	1
0.503858251585799	0.265723156832787	1
0.50315895577714	0.247817398359137	1
0.503094099368945	0.233613844964329	1
0.503029242960749	0.219410291569521	1
0.502983146670627	0.209315204032715	1
0.510248136395266	0.757067771496481	1
0.510183279987071	0.742864218101673	1
0.510118423578876	0.728660664706865	1
0.512421362073188	0.711364103845181	1
0.512729016842849	0.267967909183108	1
0.511909568185376	0.251521181670135	1
0.51184471177718	0.237317628275327	1
0.511779855368985	0.223114074880518	1
0.51102005482222	0.210141311349744	1
0.518973020641573	0.755137087345076	1
0.518908164233378	0.740933533950267	1
0.51924574762123	0.705045329339021	1
0.521917938033538	0.72939387903588	1
0.521220247697528	0.268060694188135	1
0.520633380424936	0.249355728041129	1
0.52056852401674	0.235152174646321	1
0.520503667608545	0.220948621251513	1
0.519776272744728	0.210689172108814	1
0.527700584904748	0.75379332688767	1
0.52750724083073	0.711450974677646	1
0.530707946689727	0.741725440648683	1
0.529950727066769	0.72493436925418	1
0.532173287388529	0.700902490501523	1
0.530170152134069	0.27180484203801	1
0.529390960877027	0.254585512956527	1
0.529326104468832	0.240381959561719	1
0.529261248060636	0.226178406166911	1
0.528460810772817	0.213895168608252	1
0.538803716119347	0.75105863767599	1
0.538738859711151	0.736855084281182	1
0.538674003302956	0.722651530886374	1
0.540753930034695	0.710016941827905	1
0.540133629822936	0.694549678017975	1
0.538713686359732	0.273763093025455	1
0.538126565190805	0.255002523581123	1
0.538061708782609	0.240798970186315	1
0.537996852374414	0.226595416791507	1
0.537267638927722	0.215937697999307	1
0.547524312338665	0.748188875614184	1
0.54745945593047	0.733985322219376	1
0.549539630048382	0.721404910732661	1
0.548915598428523	0.705120468548777	1
0.548852082028761	0.691210377000969	1
0.54766831857835	0.278542625150381	1
0.546888969673257	0.261288771145722	1
0.546824113265062	0.247085217750914	1
0.546759256856867	0.232881664356106	1
0.545956256802918	0.220037181015059	1
0.556248660581599	0.746140806723978	1
0.558328504851281	0.733488158474925	1
0.557704803079652	0.717275953053379	1
0.557639946671456	0.703072399658571	1
0.557671366678732	0.685113376913176	1
0.556218296460668	0.281912036945135	1
0.555631006027517	0.263114398635918	1
0.555566149619322	0.24891084524111	1
0.555501293211126	0.234707291846302	1
0.554767006875364	0.222938610347602	1
0.566550288085	0.741756835131989	1
0.566485431676804	0.72755328173718	1
0.566420575268609	0.713349728342372	1
0.566355718860413	0.699146174947564	1
0.566271700331615	0.680746117140654	1
0.564659387295095	0.28624955491142	1
0.564376794405391	0.265761719297715	1
0.564311937997196	0.251558165902907	1
0.564247081589	0.237354612508099	1
0.563865305741722	0.226195714609181	1
0.575262844253716	0.737126301988181	1
0.57519798784552	0.722922748593373	1
0.575133131437325	0.708719195198565	1
0.57506827502913	0.694515641803757	1
0.574628243059641	0.676394654153267	1
0.573592309339646	0.293033142139525	1
0.573145094924953	0.273339198989115	1
0.573080238516758	0.259135645594307	1
0.573015382108562	0.244932092199499	1
0.572408317057026	0.232363328478401	1
0.58246378157522	0.67096528838174	1
0.583975400422432	0.732495768844374	1
0.583910544014236	0.718292215449566	1
0.583845687606041	0.704088662054758	1
0.583780831197846	0.68988510865995	1
0.58218549798248	0.299107127263418	1
0.581902675377044	0.278568983904514	1
0.581837818968849	0.264365430509705	1
0.581772962560654	0.250161877114897	1
0.581383906000885	0.237408503180611	1
0.590665483648706	0.674434929339085	1
0.592684204567534	0.727043542528966	1
0.592619348159338	0.712839989134158	1
0.592554491751142	0.69863643573935	1
0.591272512735211	0.308064064699553	1
0.590684375980944	0.289081082065915	1
0.590619519572749	0.274877528671107	1
0.590554663164553	0.260673975276299	1
0.589805751593885	0.245702367333197	1
0.595504587318554	0.660054745412594	1
0.600141083499892	0.68536078881621	1
0.601392472709261	0.721473931474759	1
0.601327616301066	0.707270378079951	1
0.602319996769166	0.69276166009782	1
0.599897478900018	0.315824273583125	1
0.599449996483638	0.296071638063315	1
0.599385140075443	0.281868084668507	1
0.599320283667247	0.267664531273698	1
0.599255695260739	0.25351967024829	1
0.599219055601564	0.245495584888886	1
0.603552481437331	0.664181750287277	1
0.607366414930485	0.650319036970993	1
0.610100204847616	0.715786935681751	1
0.610035348439421	0.701583382286943	1
0.609970492031225	0.687379828892134	1
0.608506249926639	0.325310800756419	1
0.608223121033562	0.304705580403915	1
0.608158264625367	0.290502027009107	1
0.608093408217171	0.276298473614299	1
0.608028551808975	0.262094920219491	1
0.607650259983625	0.251699023122773	1
0.612969737193691	0.673534402322746	1
0.614689508271613	0.63616419607325	1
0.616130874092536	0.657055259367659	1
0.618795608908379	0.707400090896341	1
0.618730752500184	0.693196537501533	1
0.617101918648574	0.336481923998949	1
0.61701071767457	0.316508910692117	1
0.616945861266375	0.302305357297309	1
0.616881004858179	0.288101803902501	1
0.616816148449984	0.273898250507693	1
0.616429704906661	0.261717127175057	1
0.621730265664336	0.679409803301544	1
0.623068478912225	0.636103445833755	1
0.624893564443455	0.663404112126285	1
0.624074080796872	0.646225221871867	1
0.627078635795932	0.620294647202466	1
0.6254617131304	0.350230598130822	1
0.627495836999505	0.700069708760133	1
0.625807426372929	0.330307781539921	1
0.625742569964733	0.316104228145112	1
0.625677713556537	0.301900674750304	1
0.625612857148342	0.287697121355496	1
0.62598851176265	0.272157964804623	1
0.63049500559006	0.686207512942344	1
0.631446092528424	0.273495443972495	1
0.633655075586953	0.669494718459551	1
0.632835145270892	0.652218007589466	1
0.632770288862696	0.638014454194658	1
0.635767887729086	0.623808488784669	1
0.634506258621935	0.605226759334347	1
0.633943555580375	0.364625772731662	1
0.633812815424185	0.344687680044616	1
0.634697569818079	0.323168854703938	1
0.634414389877062	0.3025524548525	1
0.634349801470553	0.288407593827092	1
0.634512523161363	0.280573636521465	1
0.63856037597121	0.688883318354848	1
0.640211350112168	0.594011575497841	1
0.642411869900763	0.674552339091375	1
0.641591653716236	0.657213023027264	1
0.641526797308041	0.643009469632456	1
0.641410446961716	0.379587649593969	1
0.644522520162623	0.628392657636667	1
0.643766755405965	0.611920201961764	1
0.642547456917088	0.354553834585	1
0.642506611474828	0.335948681042806	1
0.643393101498694	0.314809958665862	1
0.643241769879571	0.294088336247409	1
0.64147791890517	0.284545038659668	1
0.64744011680327	0.583211202438752	1
0.647354814537633	0.395337917887631	1
0.649968984441766	0.600903121622089	1
0.650407122532667	0.67512035973307	1
0.650342266124472	0.660916806338262	1
0.650277409716276	0.646713252943454	1
0.650834883002698	0.565939867235834	1
0.650238901552344	0.372345800943768	1
0.653270414268036	0.631501132629464	1
0.652515223800707	0.615154446317562	1
0.652277080654815	0.409577541156516	1
0.651566319161792	0.349384320271156	1
0.651215951623303	0.330613839466198	1
0.652102530981064	0.309494681212387	1
0.64946290792327	0.294457329903127	1
0.654933996827984	0.551627988610225	1
0.6563741689216	0.427850747459162	1
0.65790571513933	0.598968311032947	1
0.657121100789332	0.580561324594194	1
0.657028014870132	0.386295477917191	1
0.659089662512467	0.663916281216459	1
0.659024806104271	0.649712727821651	1
0.658339825322527	0.530386647861928	1
0.658762853598443	0.443305103012026	1
0.660427571599711	0.565688302985864	1
0.659503896914461	0.366747393654023	1
0.662015781500402	0.634056222425061	1
0.661261548181955	0.617919151718159	1
0.661313123617673	0.513294151892438	1
0.660958101554163	0.457836631569956	1
0.660305126467951	0.350502786227262	1
0.659970852058527	0.335256700687596	1
0.660235377167849	0.320737686974	1
0.661715145999787	0.408137019828676	1
0.659691746168548	0.3089085168565	1
0.662972954404242	0.491533497444294	1
0.662189727357094	0.473430330329493	1
0.66406149580436	0.546455061435033	1
0.666645954305807	0.600400354398932	1
0.665862601140218	0.58226956734559	1
0.665714228706387	0.386763475862692	1
0.667763090434916	0.650716662140247	1
0.668442181185191	0.526197488722946	1
0.667109353920407	0.429302351795319	1
0.668851815382408	0.5662273692358	1
0.667943825667672	0.367377621708486	1
0.670752304677106	0.634674464030457	1
0.669998224502479	0.618570931820354	1
0.670168597003347	0.506842483477183	1
0.669603967221089	0.453982573528539	1
0.669321252241728	0.349935524150599	1
0.66870270434869	0.334852018140592	1
0.667490979388961	0.322400659773808	1
0.670573701546658	0.408432345776297	1
0.67133835204813	0.491848790918894	1
0.670936051738341	0.47619503573009	1
0.672396456739412	0.547623687575886	1
0.675378216480903	0.600085436652186	1
0.674595525437128	0.582099654276186	1
0.674405370357971	0.387032135730064	1
0.676550885595692	0.527323444634922	1
0.676100493872113	0.428687657170977	1
0.6773342690333	0.566616702059823	1
0.676426279318564	0.367766954532509	1
0.678794933200837	0.632369802668158	1
0.678730076792642	0.61816624927335	1
0.67919666085745	0.506341968239112	1
0.678401345923664	0.467928175299842	1
0.677951799894296	0.447723608535652	1
0.678188119953084	0.350437675376989	1
0.675944248888733	0.336509995686738	1
0.679298264190941	0.406431230781612	1
0.679996354984609	0.489761102445996	1
0.681343517574538	0.549327168511598	1
0.683962463557749	0.601236247718729	1
0.683336489784641	0.583690512288782	1
0.683023380436204	0.387607542708442	1
0.685082168693223	0.526179998797741	1
0.684519816491562	0.427458988549052	1
0.686327809754369	0.568109468509992	1
0.685320083424605	0.368945406052051	1
0.686568880462104	0.617798952961648	1
0.687702082416512	0.508067118461023	1
0.686969307950583	0.468477531538352	1
0.686685796197953	0.447788464943847	1
0.685975872491715	0.354415184125055	1
0.688144023153569	0.407788105454889	1
0.688466220736983	0.489941378247289	1
0.690133389748386	0.545931337749914	1
0.692137687511252	0.598472480324036	1
0.692294374697415	0.580622964982148	1
0.691966081039032	0.387010632535903	1
0.694559304596953	0.526022516802654	1
0.693368601626842	0.428766805435205	1
0.69510883397306	0.566053436141094	1
0.696226834914334	0.505053088857888	1
0.695894174294307	0.478530289585685	1
0.695471248825467	0.459122256276849	1
0.695501403978221	0.44640623135541	1
0.693076877089022	0.369454921925526	1
0.696990792865415	0.40688233377316	1
0.698939474418609	0.54360001384819	1
0.69922314482023	0.585267357641756	1
0.701907137537011	0.490917028080175	1
0.69972852820341	0.391656265407098	1
0.695901570200505	0.379482607038112	1
0.702173097524309	0.429526859786112	1
0.702677814182394	0.567283449025448	1
0.70418339661066	0.553762304497037	1
0.704368221684283	0.525563689507028	1
0.705223991007608	0.508412429701022	1
0.704462070152945	0.467131784465268	1
0.704238173603037	0.44901044543479	1
0.704287086144218	0.411905283601058	1
0.70805053333073	0.542556005395021	1
0.709693929599919	0.492348807621472	1
0.709409391216489	0.431414901891359	1
0.712174254669363	0.519101446083609	1
0.712813124305687	0.475102325852755	1
0.712046775963899	0.45700206515494	1
0.711131820190504	0.445962783853314	1
0.712112724230818	0.539064747421623	1
0.714706980558637	0.498626776911747	1
0.66455302747731	0.539588348987827	1
0.664846902444814	0.603946966871249	1
0.651317351056254	0.640975212776779	1
0.628666372791699	0.680410972839171	1
0.61201345796646	0.700089292778588	1
0.587670814824862	0.702383778101794	1
0.540564164585052	0.719360708916845	1
0.496445243181536	0.723983588213353	1
0.479713208172738	0.726334587953387	1
0.40816218884104	0.723328020978151	1
0.357740026147337	0.680874391057159	1
0.348539479087782	0.665954585014637	1
0.320802203308731	0.591491189402417	1
0.31623583842905	0.59145728075232	1
0.307170925969882	0.606241452194455	1
0.300924199096523	0.571541600262227	1
0.300698141429212	0.522034971121133	1
0.312637753891018	0.470143433589909	1
0.312558633707459	0.452816113390526	1
0.294168842471714	0.425451832762538	1
0.309164001070006	0.376058232455099	1
0.31369645729959	0.368666146734032	1
0.334870525471048	0.339120409616493	1
0.337880860074071	0.33171702101206	1
0.393928091056028	0.272727272727273	1
0.404526428025122	0.260429735625558	1
0.447111924918714	0.253320221988629	1
0.462310535417585	0.248482587908175	1
0.518572521183487	0.236524137307427	1
0.538314890795309	0.22676974896296	1
0.565871320440511	0.261627841262306	1
0.582671172749502	0.2741288302646	1
0.596370267388544	0.27423055621489	1
0.611693209604437	0.296621568162038	1
0.61782690764414	0.306568105523719	1
0.630049092190084	0.316559854418862	1
0.643838609896051	0.33646423202559	1
0.674608826044857	0.408474901947487	1
0.674586220278126	0.403524239033377	1
0.659251975178868	0.378657895629175	1
0.671722823158854	0.443106936579521	1
0.683820675987778	0.425870039447063	1
0.688500069701114	0.450657262667707	1
0.685614066815111	0.485289297299741	1
0.673708363003402	0.544606829202129	1
0.672276664443766	0.564398177975201	1
0.669345450024301	0.589128886779017	1
0.660257931798401	0.598962395307043	1
0.651204322222599	0.616221898206232	1
0.639061257860213	0.623557469510472	1
0.631518467027605	0.638352943835973	1
0.613377339225903	0.665445955263188	1
0.575471236045649	0.69734269212076	1
0.573960417302454	0.699806720694449	1
0.555740169317193	0.709572411922281	1
0.552695926064072	0.70954980615555	1
0.53597519393864	0.714376137352639	1
0.507066185917361	0.716636714025748	1
0.470535266879914	0.716365444824975	1
0.464446780373673	0.716320233291513	1
0.423259073389622	0.696212403784205	1
0.385138215425422	0.681077842957738	1
0.36679363572314	0.663614888157969	1
0.350005086297514	0.653589230612729	1
0.345416115651102	0.648604659048523	1
0.333148719571696	0.628711584325161	1
0.300958107746619	0.578967594633391	1
0.297744321243016	0.541815017010839	1
0.289896352559538	0.489776541995863	1
0.282184018476447	0.467442044465543	1
0.276219863687227	0.494625478959683	1
0.285341290563223	0.492217964802821	1
0.307800119810564	0.410701569970499	1
0.316740700552711	0.368688752500763	1
0.306119757816886	0.376035626688368	1
0.295589238147985	0.403185152532411	1
0.321273156782295	0.361296666779695	1
0.345401045139949	0.31197088377245	1
0.357532806618969	0.302159981011156	1
0.369698476748085	0.299775072621026	1
0.38638530022342	0.287522747052773	1
0.399993971795538	0.267821821346625	1
0.406014641001586	0.253015044137759	1
0.43945610525245	0.243362381743583	1
0.468308598856902	0.2287251477852	1
0.475873995456241	0.218880336373809	1
0.485006725215603	0.218948153674002	1
0.48516496558272	0.253602794072768	1
0.468478142107385	0.26585511964102	1
0.50942848854076	0.233980988550179	1
0.512438823143784	0.226577599945746	1
0.527739159592946	0.244017948978784	1
0.567404744950437	0.264114475602726	1
0.571937201180021	0.256722389881659	1
0.633048123909743	0.306681134357374	1
0.637659700322886	0.31661636883569	1
0.640783063759565	0.333966294801804	1
0.651528338212411	0.3538480666418	1
0.659127643461847	0.351429249601573	1
0.668475128005154	0.398528364585806	1
0.668509036655251	0.40595435895697	1
0.677607857764516	0.398596181885999	1
0.685467129331359	0.45310998835803	1
0.688601795651404	0.472935245781199	1
0.681511120153418	0.586743978388887	1
0.669390661557763	0.599030212607236	1
0.652737746732525	0.618708532546653	1
0.648239199153037	0.633526612638884	1
0.634664436231016	0.660653532716196	1
0.630131980001432	0.668045618437263	1
0.624088705028653	0.67790173273202	1
0.592158059520984	0.685090366552507	1
0.529931918965862	0.724232251647395	1
0.523877341109717	0.731613034485097	1
0.49046978550895	0.748691691250438	1
0.499500789318022	0.726481525437139	1
0.586159996081667	0.704847806675483	1
0.596747030167396	0.690074938116713	1
0.505566670057532	0.721576074056492	1
0.46448068902377	0.723746227662677	1
0.43707119686232	0.721067444305042	1
0.430971407472713	0.718546901314525	1
0.392918366808706	0.718264329230387	1
0.360806875167188	0.685847659737999	1
0.376118514499715	0.705763340228092	1
0.385364273092733	0.730584472098832	1
0.434106073792758	0.738372158737694	1
0.412751159487452	0.728312592542357	1
0.392929669692072	0.720739660687441	1
0.368485300600183	0.700756162897155	1
0.346960843044394	0.653566624845998	1
0.345596961784951	0.688209962361398	1
0.376152423149812	0.713189334599256	1
0.344074840158391	0.688198659478033	1
0.339429355095151	0.670837430628553	1
0.336407717608762	0.675765487775932	1
0.325696351806012	0.663309710307099	1
0.302751498573953	0.638386852486069	1
0.30582965047717	0.645835452623964	1
0.308851287963559	0.640907395476586	1
0.310305592289926	0.626066709617623	1
0.294259265538639	0.445254484418975	1
0.291215022285518	0.445231878652244	1
0.286648657405837	0.445197970002147	1
0.298735207351395	0.425485741412634	1
0.316876335153098	0.398392729985419	1
0.316605065952325	0.338984775016106	1
0.327259917338246	0.339063895199665	1
0.381807632460374	0.285013506945622	1
0.539972647022255	0.256485029330982	1
0.492775573715521	0.253659308489595	1
0.48668708720928	0.253614096956133	1
0.482007693495944	0.22882687373549	1
0.590349598182496	0.289037333423756	1
0.601083569751977	0.306443773806698	1
0.607183359141584	0.308964316797215	1
0.660638462205042	0.348965221027884	1
0.663920066008839	0.400969787392764	1
0.670031158281811	0.405965661840335	1
0.683820675987778	0.425870039447063	1
0.689909162494019	0.425915250980525	1
0.685331494730972	0.423406010873374	1
0.681070307702161	0.490206051563754	1
0.673753574536864	0.554508155030348	1
0.670731937050475	0.559436212177726	1
0.69175906773818	0.497711166118477	1
0.679186493807904	0.410984142054638	1
0.674631431811588	0.413425564861596	1
0.683809373104412	0.423394707990008	1
0.683820675987778	0.425870039447063	1
0.685444523564628	0.448159325443921	1
0.571993715596849	0.269099047166932	1
0.530862523029625	0.261367874944898	1
0.501783971757862	0.226498479762187	1
0.468308598856902	0.2287251477852	1
0.422814493310577	0.265516033140054	1
0.318251519295906	0.366224723927074	1
0.307687090976908	0.385948255399952	1
0.297088754007814	0.398245792501667	1
0.295623146798081	0.410611146903575	1
0.291531503019754	0.514541159449776	1
0.294801803940185	0.564070394357601	1
0.31331592689295	0.61866332101319	1
0.330172293618769	0.643540967300758	1
0.337895930585226	0.668350796288133	1
0.362385511210576	0.698235619906638	1
0.385239941375712	0.703355826071231	1
0.408173491724406	0.725803352435206	1
0.347130386294877	0.690696596701819	1
0.351696751174558	0.690730505351915	1
0.3715634525034	0.70820476303505	1
0.394440488435266	0.718275632113752	1
0.397507337455118	0.723248900794593	1
0.417351433017229	0.735772495563618	1
0.42039567627035	0.735795101330349	1
0.42039567627035	0.735795101330349	1
0.447872985731994	0.753325873430312	1
0.447872985731994	0.753325873430312	1
0.426506768543322	0.740790975777921	1
0.421985615197103	0.750658392956043	1
0.418918766177252	0.745685124275203	1
0.403663641261552	0.738146101070383	1
0.400608095125066	0.735648163846597	1
0.396041730245386	0.735614255196501	1
0.366997087623719	0.708170854384954	1
0.35628572182097	0.695715076916121	1
0.34557435601822	0.683259299447289	1
0.3425301127651	0.683236693680558	1
0.315018894653359	0.658279927209431	1
0.31806313790648	0.658302532976162	1
0.325685048922647	0.660834378850045	1
0.327252382082669	0.670747007561629	1
0.337952445002053	0.680727453573407	1
0.345585658901586	0.685734630904344	1
0.38075269667959	0.720649237620517	1
0.397507337455118	0.723248900794593	1
0.40664006721448	0.723316718094786	1
0.333408685889104	0.685644207837419	1
0.351730659824655	0.698156499723079	1
0.356297024704335	0.698190408373176	1
0.366997087623719	0.708170854384954	1
0.347141689178243	0.693171928158873	1
0.365508874647256	0.715585545872752	1
0.4568926866577	0.728640376159958	1
0.69003349421104	0.453143897008127	1
0.685512340864821	0.463011314186249	1
0.691578221604331	0.458105862805602	1
0.476020932939993	0.25105964531552	1
0.553649135894566	0.251636092367163	1
0.57353844299014	0.274061012964407	1
0.476567238969328	0.704033999073164	1
0.496366122997977	0.70665626801397	1
0.558773109686948	0.707119686231958	1
0.610525244989997	0.707503984266386	1
0.43567340695278	0.748284787449278	1
0.450917228985114	0.753348479197043	1
0.475237266359982	0.746103330959728	1
0.403550612427897	0.713392786499836	1
0.336339900308569	0.660913499033603	1
0.333295657055448	0.660890893266872	1
0.31938180763246	0.613757869632543	1
0.302129839988848	0.502243622348061	1
0.313786880366515	0.388468798390469	1
0.318262822179271	0.368700055384128	1
0.358953202295239	0.279893300781029	1
0.425847433680332	0.26306330744973	1
0.515607398113926	0.253828851740079	1
0.547594558038422	0.259016875204865	1
0.671508068374909	0.396075638895482	1
0.680923370218409	0.458026742622043	1
0.617921098338853	0.660529200999175	1
0.555706260667096	0.702146417551117	1
0.497899547507903	0.70914290235439	1
0.444273883238339	0.489588807139376	2
0.444637582939045	0.472639024720576	2
0.449159855489837	0.521166548828887	2
0.449508144528221	0.459405508334277	2
0.453795546425366	0.487306680464938	2
0.455057072195888	0.532706783881846	2
0.454831640946373	0.507926435442254	2
0.455752928266707	0.44649722171412	2
0.458856835702503	0.468406835245782	2
0.46291131113181	0.486212302277103	2
0.463399878915769	0.540941137834488	2
0.463117181094188	0.520430322139642	2
0.463052324685992	0.506226768744834	2
0.463014000444786	0.49783375992063	2
0.463554198682799	0.442257143673486	2
0.467562137958898	0.462187695303547	2
0.46897015401026	0.431647621944295	2
0.471608457203538	0.478206957892794	2
0.472330931386226	0.547315288335825	2
0.471884409607003	0.527773032353442	2
0.471819553198807	0.513569478958634	2
0.471754696790612	0.499365925563826	2
0.470658867671423	0.491219388957543	2
0.476002090961602	0.450326130599704	2
0.477230267754534	0.431675745380683	2
0.480290494680174	0.466892831183558	2
0.480907693170539	0.549791791443794	2
0.480625909957889	0.529481275104839	2
0.480561053549693	0.51527772171003	2
0.480496197141498	0.501074168315222	2
0.480431340733302	0.486870614920414	2
0.480390604476915	0.477949374771609	2
0.481679687006853	0.423365889982213	2
0.485789409122762	0.44312737960775	2
0.488236264522864	0.457348621113884	2
0.489483395483211	0.556590271057694	2
0.48935454622781	0.528372284125033	2
0.489289689819615	0.514168730730225	2
0.489224833411419	0.499965177335417	2
0.489159977003224	0.485761623940609	2
0.489095120595028	0.471558070545801	2
0.489680915704148	0.425967169070899	2
0.495244109256527	0.44760281859895	2
0.497685365898702	0.464981462296577	2
0.498204938641823	0.553927888701101	2
0.498141070862072	0.539940844935635	2
0.498076214453876	0.525737291540827	2
0.498011358045681	0.511533738146019	2
0.497946501637485	0.497330184751211	2
0.49788164522929	0.483126631356403	2
0.499182871585659	0.431202644555446	2
0.506260656842592	0.469510904398119	2
0.505668880907526	0.44973094116947	2
0.506913838076413	0.548496530783702	2
0.5068493390038	0.534371233881428	2
0.506784482595604	0.520167680486619	2
0.506719626187409	0.505964127091811	2
0.506654769779213	0.491760573697003	2
0.505535892514963	0.478566493322317	2
0.506956355618148	0.435069027455085	2
0.514644106684089	0.461225044912813	2
0.515604331963415	0.539034357944642	2
0.515537775020708	0.524458387491617	2
0.515472918612512	0.510254834096809	2
0.515408062204316	0.496051280702001	2
0.515343205796121	0.481847727307193	2
0.515161808712639	0.442121766024616	2
0.522905480287561	0.463246601033287	2
0.522699676012624	0.527994431372741	2
0.52413949462517	0.512942649813475	2
0.524151545767685	0.498193846986958	2
0.524150336782298	0.483439076656215	2
0.520751926504378	0.449197349811135	2
0.528811809231943	0.47551136342717	2
0.529718816273828	0.500265875227959	2
0.529662803921296	0.487999170023353	2
0.461828279060655	0.476201779073842	2
0.479958103978992	0.446633436189572	2
0.483137981832499	0.476360019440959	2
0.490839013032224	0.496219185514225	2
0.484874858243004	0.523402620008364	2
0.466496369890626	0.498513670837431	2
0.478628131369646	0.488702768076136	2
0.516568143199997	0.464232025589728	2
0.518112870593289	0.469193991387203	2
0.498460924048391	0.498751031388107	2
0.503162923528459	0.52848891752286	2
0.516602051850094	0.471658019960892	2
0.496870985121638	0.483887739762413	2
0.457092370930491	0.439037898567924	2
0.449515671447786	0.446407378522261	2
0.452672943534562	0.471183298859539	2
0.449628700281442	0.471160693092808	2
0.46628161510668	0.451482373153391	2
0.461658735810172	0.439071807218021	2
0.467758525199778	0.441592350208538	2
0.502733413960568	0.434426322154782	2
0.50580026298042	0.439399590835622	2
0.518124173476654	0.471669322844257	2
0.518090264826557	0.464243328473093	2
0.522792264306625	0.493981214607846	2
0.522837475840087	0.503882540436065	2
0.519849747003794	0.516236591954608	2
0.519872352770525	0.521187254868717	2
0.51683941240077	0.523639980559041	2
0.51531729077421	0.523628677675675	2
0.501640801901899	0.528477614639495	2
0.494030193769097	0.528421100222667	2
0.465109882864452	0.528206345438721	2
0.459021396358211	0.528161133905259	2
0.485021795726756	0.555581928950075	2
0.463644275654719	0.540571699840629	2
0.460600032401599	0.540549094073898	2
0.469732762160961	0.540616911374092	2
0.498664375948971	0.543306997615092	2
0.513761260497553	0.516191380421145	2
0.519770626820235	0.498909271755225	2
0.480206767413034	0.501090728244775	2
0.463486035287602	0.505917059441864	2
0.480195464529668	0.498615396787721	2
0.510547473993949	0.479038802798594	2
0.510547473993949	0.479038802798594	2
0.527290811886112	0.479163134515615	2
0.443495002241739	0.461214155731127	2
0.438996454662251	0.476032235823358	2
0.439019060428982	0.480982898737468	2
0.439109483495906	0.500785550393905	2
0.439165997912734	0.513162207679179	2
0.44069942242266	0.515648842019599	2
0.446810514695632	0.520644716467171	2
0.448355242088924	0.525606682264646	2
0.449945181015677	0.540469973890339	2
0.457555789148478	0.540526488307167	2
0.459077910775039	0.540537791190533	2
0.462156062678256	0.547986391328428	2
0.468244549184497	0.54803160286189	2
0.48044412796371	0.553072688842924	2
0.480455430847076	0.555548020299979	2
0.471322701087714	0.555480202999785	2
0.461873490594117	0.48610310490206	2
0.461862187710752	0.483627773445006	2
0.464635161763099	0.424242424242424	2
0.50288035144432	0.466605631096493	2
0.502914260094417	0.474031625467657	2
0.513569111480339	0.474110745651216	2
0.476834740542312	0.429283510223458	2
0.475301316032386	0.426796875883038	2
0.479912892445529	0.436732110361353	2
0.498212260614349	0.444293739332904	2
0.510445748043659	0.456760819685102	2
0.519770626820235	0.498909271755225	2
0.513625625897166	0.486487402936489	2
0.49661101880423	0.426955116250155	2
0.510389233626831	0.444384162399828	2
0.518146779243385	0.476619985758367	2
0.510355324976735	0.436958168028664	2
0.505777657213689	0.434448927921513	2
0.522882687373549	0.513783866264284	2
0.515305987890844	0.52115334621862	2
0.509274015801431	0.533484791970432	2
0.481898432290077	0.538232002983961	2
0.478865491920322	0.540684728674285	2
0.462020428077869	0.518282413843772	2
0.455999758871822	0.533089191052637	2
0.459089213658404	0.543013122647587	2
0.449866060832118	0.523142653690957	2
0.443754968559146	0.518146779243385	2
0.445322301719169	0.528059407954969	2
0.451422091108775	0.530579950945486	2
0.439064271962444	0.490884224565687	2
0.439052969079079	0.488408893108632	2
0.467860251150068	0.46387033332203	2
0.496735350521251	0.454183762277757	2
0.51511383887363	0.479072711448691	2
0.516681172033652	0.488985340160275	2
0.525836507559745	0.494003820374578	2
0.528959870996424	0.511353746340691	2
0.528982476763156	0.516304409254801	2
0.45706976516376	0.434087235653815	2
0.452503400284079	0.434053327003719	2
0.440439456105252	0.458716218507341	2
0.440507273405446	0.473568207249669	2
0.437496938802422	0.480971595854102	2
0.436042634476055	0.495812281713065	2
0.441927669081716	0.451301527019543	2
0.44948176279769	0.438981384151097	2
0.460091402650149	0.429159178506437	2
0.466145980506294	0.421778395668735	2
0.475256104498924	0.416895550054819	2
0.479822469378605	0.416929458704916	2
0.493532866901013	0.41950651611226	2
0.498121837547425	0.424491087676466	2
0.490477320764527	0.417008578888474	2
0.504221626937032	0.427011630666983	2
0.502654293777009	0.417099001955399	2
0.511809629303102	0.422117482169701	2
0.511820932186467	0.424592813626756	2
0.522554903755948	0.441999254009698	2
0.524088328265874	0.444485888350118	2
0.527155177285725	0.449459157030959	2
0.507231961540056	0.41960824206255	2
0.521055387896119	0.446938614040442	2
0.51643250859961	0.434528048105071	2
0.528688601795651	0.451945791371379	2
0.530222026305577	0.454432425711799	2
0.530233329188943	0.456907757168854	2
0.531800662348965	0.466820385880438	2
0.437417818618863	0.463644275654719	2
0.437530847452518	0.488397590225266	2
0.437564756102615	0.495823584596431	2
0.437598664752712	0.503249578967595	2
0.437655179169539	0.515626236252868	2
0.443811482975974	0.530523436528658	2
0.454579363195551	0.555355871282764	2
0.448411756505751	0.537983339549919	2
0.462156062678256	0.547986391328428	2
0.46679024485813	0.562872288720853	2
0.48196624959027	0.553083991726289	2
0.485010492843391	0.55310659749302	2
0.480466733730441	0.558023351757033	2
0.482022764007098	0.565460649011563	2
0.480489339497172	0.562974014671143	2
0.477445096244052	0.562951408904411	2
0.480455430847076	0.555548020299979	2
0.494154525486118	0.555649746250268	2
0.495676647112678	0.555661049133634	2
0.492643706742923	0.558113774823958	2
0.495687949996044	0.558136380590689	2
0.498720890365799	0.555683654900365	2
0.503253346595383	0.548291569179298	2
0.515373805191037	0.536005334960948	2
0.513919500864671	0.550846020819911	2
0.51239737923811	0.550834717936546	2
0.50328725524548	0.555717563550462	2
0.494165828369484	0.558125077707323	2
0.507876225891892	0.560702135114668	2
0.518406745560793	0.533552609270625	2
0.521450988813913	0.533575215037356	2
0.521473594580644	0.538525877951465	2
0.529016385413252	0.523730403625965	2
0.522848778723452	0.50635787189312	2
0.531936296949352	0.496524363365094	2
0.533435812809181	0.491585003334351	2
0.521157113846409	0.469216597153934	2
0.508991443717292	0.471601505544064	2
0.510649199944239	0.501316785912086	2
0.504481593254439	0.483944254179241	2
0.501437350001318	0.48392164841251	2
0.501437350001318	0.48392164841251	2
0.468029794400552	0.501000305177851	2
0.469540613143746	0.498536276604162	2
0.531845873882427	0.476721711708657	2
0.528948568113059	0.508878414883637	2
0.484829646709542	0.513501294180145	2
0.484999189960025	0.550631266035966	2
0.489610766373168	0.560566500514281	2
0.484897464009736	0.528353282922474	2
0.461896096360848	0.49105376781617	2
0.44361933395876	0.488442801758729	2
0.44361933395876	0.488442801758729	2
0.445197970002148	0.500830761927368	2
0.486148316435523	0.468956630836526	2
0.492428951958978	0.511082477139918	2
0.471153157837231	0.518350231143965	2
0.510728320127798	0.518644106111469	2
0.513648231663897	0.491438065850599	2
0.504391170187515	0.464141602522803	2
0.492146379874839	0.449199190713551	2
0.490737287081935	0.473941202400732	2
0.519488054736097	0.437025985328857	2
0.513354356696393	0.427079447967176	2
0.530188117655481	0.447006431340635	2
0.490466017881162	0.41453324743142	2
0.528779024862576	0.471748443027816	2
0.494120616836022	0.548223751879104	2
0.495676647112678	0.555661049133634	2
0.492688918276386	0.568015100652176	2
0.512363470588014	0.543408723565381	2
0.535003145969203	0.501497632045935	2
0.52138317151372	0.518723226295028	2
0.519861049887159	0.518711923411662	2
0.471153157837231	0.518350231143965	2
0.443788877209243	0.525572773614549	2
0.468199337651035	0.538130277033671	2
0.475719522716912	0.518384139794061	2
0.474434761641028	0.570354797508844	2
0.454545454545455	0.5479298769116	2
0.442289361349414	0.530512133645293	2
0.442289361349414	0.530512133645293	2
0.437474333035691	0.476020932939993	2
0.492078562574646	0.434347201971223	2
0.491988139507722	0.414544550314785	2
0.499621353407254	0.419551727645722	2
0.475335224682483	0.434222870254202	2
0.510411839393563	0.449334825313938	2
0.519680203753311	0.479106620098787	2
0.482045369773829	0.570411311925672	2
0.504820679755406	0.558204197890882	2
0.500288223525821	0.565596283611949	2
0.522973110440473	0.533586517920722	2
