0.114177209737322	0.357473342760733	0
0.122026602803421	0.357454104052238	0
0.129850119011606	0.354732582038704	0
0.137707859451226	0.355585047622156	0
0.145565043399278	0.356379399586146	0
0.153773532524358	0.362810043899108	0
0.153350718180835	0.349706151449114	0
0.161635168404954	0.364069304818802	0
0.161003976361625	0.346947687102473	0
0.169208660901495	0.366288169198598	0
0.169031140091288	0.347749924589838	0
0.177175485045423	0.360789229947025	0
0.176547499453509	0.344002457371412	0
0.185431847587983	0.36305208239841	0
0.184047185268368	0.34596579672292	0
0.19336935560468	0.366320275354984	0
0.192132180406733	0.348063405076828	0
0.200642961609382	0.370046713249188	0
0.20044707657743	0.349590719198142	0
0.209004512415274	0.365551365529305	0
0.207601893967731	0.346589947065802	0
0.216353990556078	0.371286735460388	0
0.21621931959661	0.357223239550294	0
0.216084648637143	0.343159743640199	0
0.224215626436674	0.372545996380083	0
0.224080955477206	0.358482500469989	0
0.223906495370624	0.340263880768276	0
0.232353162886828	0.371567154211487	0
0.231919218711945	0.35730098937223	0
0.231584093432616	0.340047195444346	0
0.239926655383369	0.373786018591283	0
0.239791984423902	0.359722522681189	0
0.23961140291007	0.34086465316538	0
0.247776048449468	0.373766779882787	0
0.247641377490001	0.359703283972693	0
0.24746079597617	0.340845414456885	0
0.255742872593396	0.368267840631214	0
0.25537947224249	0.348061321371558	0
0.254974604752037	0.336831593149253	0
0.263487077396163	0.375006802093987	0
0.263352406436696	0.360943306183893	0
0.263165703515616	0.34144618685399	0
0.271927211981943	0.370924903707564	0
0.271135020514629	0.353950433139814	0
0.270326984820476	0.339430932139103	0
0.279198106342859	0.376246824305187	0
0.279063435383391	0.362183328395093	0
0.278870611055063	0.342046959251094	0
0.287047499408958	0.376227585596691	0
0.28691282844949	0.362164089686597	0
0.286720004121162	0.342027720542598	0
0.295409050214849	0.371732237876808	0
0.294684312696063	0.354008944253254	0
0.293876249839821	0.339176106700214	0
0.302758528355653	0.377467607807891	0
0.302623857396185	0.363404111897797	0
0.302489186436718	0.349340615987703	0
0.302360636884499	0.335916369891704	0
0.310607921421752	0.377448369099396	0
0.310473250462285	0.363384873189302	0
0.310338579502817	0.349321377279207	0
0.310210029950598	0.335897131183208	0
0.318934380643966	0.375657689308676	0
0.318300383865662	0.361041089702278	0
0.318165712906194	0.346977593792184	0
0.3180471802022	0.334599392846523	0
0.326318950368447	0.378688391310595	0
0.32618427940898	0.364624895400501	0
0.326049608449512	0.350561399490407	0
0.325878209046554	0.332662404695742	0
0.334168343434546	0.3786691526021	0
0.334033672475079	0.364605656692006	0
0.333899001515612	0.350542160781912	0
0.333727602112653	0.332643165987246	0
0.342017736500645	0.378649913893605	0
0.341883065541178	0.364586417983511	0
0.341748394581711	0.350522922073416	0
0.341576995178752	0.332623927278751	0
0.349867129566744	0.378630675185109	0
0.349732458607277	0.364567179275015	0
0.34959778764781	0.350503683364921	0
0.349426388244851	0.332604688570256	0
0.357833953710672	0.373131735933536	0
0.357470553359767	0.35292521667388	0
0.357335882400299	0.338861720763786	0
0.36557815851344	0.379870697396309	0
0.365443487553972	0.365807201486215	0
0.365308816594505	0.351743705576121	0
0.365131295784298	0.33320546096736	0
0.373427551579539	0.379851458687814	0
0.373292880620071	0.36578796277772	0
0.373158209660604	0.351724466867625	0
0.372980688850397	0.333186222258865	0
0.381276944645638	0.379832219979318	0
0.381142273686171	0.365768724069224	0
0.381007602726703	0.35170522815913	0
0.380830081916496	0.33316698355037	0
0.389126337711737	0.379812981270823	0
0.38899166675227	0.365749485360729	0
0.388856995792802	0.351685989450635	0
0.388679474982595	0.333147744841874	0
0.396975730777836	0.379793742562328	0
0.396841059818369	0.365730246652234	0
0.396706388858901	0.351666750742139	0
0.396528868048694	0.333128506133379	0
0.405337281583728	0.375298394842444	0
0.404612544064941	0.35757510121889	0
0.404477873105474	0.343511605308796	0
0.403692663502959	0.331065300395045	0
0.412686759724531	0.381033764773528	0
0.412552088765064	0.366970268863433	0
0.412417417805596	0.352906772953339	0
0.412233775588141	0.333729278530483	0
0.42053615279063	0.381014526065032	0
0.420401481831163	0.366951030154938	0
0.420266810871696	0.352887534244844	0
0.42008316865424	0.333710039821988	0
0.428385545856729	0.380995287356537	0
0.428250874897262	0.366931791446443	0
0.428116203937795	0.352868295536348	0
0.427932561720339	0.333690801113493	0
0.436234938922829	0.380976048648041	0
0.436100267963361	0.366912552737947	0
0.435965597003894	0.352849056827853	0
0.435781954786438	0.333671562404997	0
0.444084331988928	0.380956809939546	0
0.44394966102946	0.366893314029452	0
0.443814990069993	0.352829818119358	0
0.443631347852538	0.333652323696502	0
0.451933725055027	0.380937571231051	0
0.451799054095559	0.366874075320957	0
0.451664383136092	0.352810579410863	0
0.451480740918637	0.333633084988007	0
0.459783118121126	0.380918332522555	0
0.459648447161658	0.366854836612461	0
0.459513776202191	0.352791340702367	0
0.459330133984736	0.333613846279511	0
0.467632511187225	0.38089909381406	0
0.467497840227758	0.366835597903966	0
0.46736316926829	0.352772101993872	0
0.467179527050835	0.333594607571016	0
0.475481904253324	0.380879855105565	0
0.475347233293857	0.36681635919547	0
0.475212562334389	0.352752863285376	0
0.475028920116934	0.333575368862521	0
0.483331297319423	0.380860616397069	0
0.483196626359956	0.366797120486975	0
0.483061955400488	0.352733624576881	0
0.482878313183033	0.333556130154025	0
0.491180690385522	0.380841377688574	0
0.491046019426055	0.36677788177848	0
0.490911348466588	0.352714385868386	0
0.490727706249132	0.33353689144553	0
0.499030083451621	0.380822138980079	0
0.498895412492154	0.366758643069985	0
0.498760741532687	0.35269514715989	0
0.498577099315231	0.333517652737035	0
0.506879476517721	0.380802900271583	0
0.506744805558253	0.366739404361489	0
0.506610134598786	0.352675908451395	0
0.50642649238133	0.333498414028539	0
0.51472886958382	0.380783661563088	0
0.514594198624352	0.366720165652994	0
0.514459527664885	0.3526566697429	0
0.514275885447429	0.333479175320044	0
0.522578262649919	0.380764422854593	0
0.522443591690451	0.366700926944499	0
0.522308920730984	0.352637431034404	0
0.522125278513528	0.333459936611549	0
0.530427655716018	0.380745184146097	0
0.53029298475655	0.366681688236003	0
0.530158313797083	0.352618192325909	0
0.529974671579627	0.333440697903053	0
0.538277048782117	0.380725945437602	0
0.538142377822649	0.366662449527508	0
0.538007706863182	0.352598953617414	0
0.537824064645726	0.333421459194558	0
0.546119763949399	0.380009343295548	0
0.545985092989932	0.365945847385454	0
0.545850422030465	0.35188235147536	0
0.545670397008201	0.333082595579015	0
0.553963592099818	0.379408968392421	0
0.553828921140351	0.365345472482327	0
0.553694250180883	0.351281976572233	0
0.553516729370676	0.332743731963472	0
0.561812985165917	0.379389729683926	0
0.56167831420645	0.365326233773831	0
0.561543643246982	0.351262737863737	0
0.561366122436775	0.332724493254977	0
0.569662378232016	0.37937049097543	0
0.569527707272549	0.365306995065336	0
0.569393036313081	0.351243499155242	0
0.569215515502874	0.332705254546481	0
0.577511771298115	0.379351252266935	0
0.577377100338648	0.365287756356841	0
0.57724242937918	0.351224260446747	0
0.577064908568973	0.332686015837986	0
0.585361164364214	0.37933201355844	0
0.585226493404747	0.365268517648346	0
0.58509182244528	0.351205021738251	0
0.584914301635073	0.332666777129491	0
0.593207218480905	0.378964093133165	0
0.593072547521438	0.364900597223071	0
0.59293787656197	0.350837101312977	0
0.592762025226467	0.332473197562606	0
0.601047707681915	0.378015036513259	0
0.600913036722448	0.363951540603164	0
0.600778365762981	0.34988804469307	0
0.600606966360022	0.331989049898405	0
0.608897100748015	0.377995797804763	0
0.608762429788547	0.363932301894669	0
0.60862775882908	0.349868805984575	0
0.608456359426121	0.33196981118991	0
0.616746493814114	0.377976559096268	0
0.616611822854646	0.363913063186174	0
0.616477151895179	0.349849567276079	0
0.61630575249222	0.331950572481414	0
0.624595886880213	0.377957320387772	0
0.624461215920745	0.363893824477678	0
0.624326544961278	0.349830328567584	0
0.624155145558319	0.331931333772919	0
0.632433037131815	0.376659582051087	0
0.632298366172347	0.362596086140993	0
0.63216369521288	0.348532590230898	0
0.632035145660661	0.335108344134899	0
0.640282430197914	0.376640343342592	0
0.640147759238447	0.362576847432497	0
0.640013088278979	0.348513351522403	0
0.63988453872676	0.335089105426404	0
0.648131823264013	0.376621104634096	0
0.647997152304546	0.362557608724002	0
0.647862481345078	0.348494112813908	0
0.647733931792859	0.335069866717909	0
0.655974538431296	0.375904502492042	0
0.655839867471828	0.361841006581948	0
0.655705196512361	0.347777510671854	0
0.655583324858959	0.335050628009413	0
0.663818366581714	0.375304127588915	0
0.663683695622247	0.361240631678821	0
0.663490871293918	0.341104262534822	0
0.671667759647813	0.37528488888042	0
0.671533088688346	0.361221392970325	0
0.671340264360018	0.341085023826327	0
0.67950936183196	0.37445205949944	0
0.679374690872492	0.360388563589346	0
0.679186040230924	0.340688046591321	0
0.687354302965514	0.373967911835239	0
0.687219632006047	0.359904415925144	0
0.687032929084967	0.340407296595241	0
0.695200357082205	0.373599991409964	0
0.695065686122738	0.35953649549987	0
0.694880652676362	0.340213717028356	0
0.703040846283216	0.372650934790058	0
0.702906175323748	0.358587438879963	0
0.702725593809917	0.339729569364155	0
0.710889126366179	0.372515468842636	0
0.710754455406711	0.358451972932542	0
0.710574430384448	0.339652217036197	0
0.718727389600917	0.371333957744876	0
0.718592718641449	0.357270461834782	0
0.718418258534867	0.339051842133069	0
0.726574556700744	0.371082264558528	0
0.726439885741276	0.357018768648434	0
0.725949294699705	0.339321052878992	0
0.734413932918618	0.370016980699696	0
0.73427926195915	0.355953484789601	0
0.734144590999683	0.341889988879507	0
0.7422566480859	0.369300378557642	0
0.742121977126433	0.355236882647548	0
0.741993984065782	0.341870750171012	0
0.750100476236319	0.368700003654514	0
0.749904591204366	0.348244009603468	0
0.757938739471057	0.367518492556755	0
0.757748419354785	0.347643634700341	0
0.765780341655204	0.366685663175775	0
0.765593916979908	0.347217600655603	0
0.773620830856214	0.365736606555868	0
0.773438858113463	0.346733452991402	0
0.781460207074088	0.364671322697035	0
0.781283242755449	0.346191191707738	0
0.78929735732569	0.36337358436035	0
0.788958628100968	0.345743435563562	0
0.797133394594156	0.361959618784738	0
0.79700707100821	0.348767827166591	0
0.804912947968465	0.354647120833611	0
0.812754550152612	0.353814291452631	0
0.820277294593087	0.353217609268551	0
0.82847197875234	0.355722620287657	0
0.835607790630612	0.355705130552661	0
0.200201170139646	0.337741194615346	0
0.198880152889306	0.342646393187038	0
0.233102546478684	0.345013495163535	0
0.260461685470487	0.344946438450319	0
0.286358988114198	0.335079043100702	0
0.211121355886741	0.335263449062044	0
0.245320279626494	0.335179628170525	0
0.24539068917537	0.342532396774572	0
0.143075556151615	0.372194933865317	0
0.177274479891368	0.372111112973797	0
0.237464585673333	0.371963588204724	0
0.264894134214011	0.379249300095556	0
0.258054349466061	0.37926606427386	0
0.284069001357898	0.381653283264321	0
0.294942247405743	0.374273691974988	0
0.234447033578649	0.342559219459858	0
0.219352567433907	0.337694254916095	0
0.282372466513554	0.347343715947763	0
0.351122361737439	0.383939917184959	0
0.363480913983001	0.388811587400044	0
0.404378803372953	0.374005465122127	0
0.397515548775377	0.371571306432415	0
0.320651791252452	0.344798913681246	0
0.307206920252804	0.36934167071801	0
0.334542589394981	0.366823691136779	0
0.345321956044324	0.349640408375383	0
0.352161740792275	0.34962364419708	0
0.359001525540226	0.349606880018776	0
0.267160651120685	0.330224137063922	0
0.432941610366968	0.356778595497142	0
0.387822500880119	0.359340161941962	0
0.434403446715059	0.366578934133543	0
0.423459791118338	0.36660575681883	0
0.44124323146301	0.36656216995524	0
0.463130542656452	0.366508524584668	0
0.476810112152353	0.36647499622806	0
0.45487586125966	0.361626795862601	0
0.454852391410035	0.359175872994585	0
0.407138187121758	0.376449682318821	0
0.453531374159695	0.364081071566277	0
0.484970914150643	0.361553033478064	0
0.516433923991216	0.361475918257866	0
0.553227942532397	0.346679854486932	0
0.557496102328544	0.363826256056059	0
0.539712661983873	0.363869842919649	0
0.467117064257095	0.354243851737607	0
0.382162914284756	0.33974619034048	0
0.38209250473588	0.332393421736434	0
0.460136460411393	0.339555078707817	0
0.495679871251111	0.337016982112622	0
0.513533721144658	0.344326163853079	0
0.569666895777103	0.349090543327019	0
0.590233189720206	0.353942096528139	0
0.625823540259174	0.356305845668974	0
0.638182092504736	0.361177515884059	0
0.672357546394863	0.358642772124524	0
0.690140986739535	0.358599185260934	0
0.706533000284991	0.35610802836499	0
0.672169787597861	0.339035389180399	0
0.694150978189804	0.34878543528189	0
0.772288813263818	0.365750783725336	0
0.806464267153945	0.363216039965801	0
0.8159695562522	0.355839801512129	0
0.76665269651808	0.348607734991869	0
0.744718445625388	0.34375953462641	0
0.677618145546596	0.336571054969741	0
0.648891049605204	0.336641464518617	0
0.590209719870581	0.351491173660123	0
0.612073561214397	0.348986605421535	0
0.613488457863238	0.353885098321906	0
0.604077048163484	0.37106502824764	0
0.595963185864445	0.380888836733667	0
0.561740792275067	0.378521734757171	0
0.54940570987913	0.376100987410102	0
0.527588808234564	0.383507401384721	0
0.508484350639553	0.388456186820003	0
0.471479103451744	0.381193944778797	0
0.455063620056663	0.381234178806726	0
0.509781898040268	0.381100065380295	0
0.582307086218169	0.383373287958291	0
0.647875140399993	0.373408660374512	0
0.671130408543025	0.373351662168279	0
0.716296457729124	0.375691941459489	0
0.720400328577895	0.375681882952507	0
0.729905617676149	0.368305644498835	0
0.691555883388376	0.363497678161305	0
0.443744446865937	0.342046235603762	0
0.378082513285611	0.342207171715478	0
0.301429984409314	0.33749308477645	0
0.298694070510134	0.337499790447771	0
0.290486328812593	0.337519907461736	0
0.274047375567886	0.335109218621649	0
0.238550904427419	0.342549160952876	0
0.22906908517879	0.352376322274564	0
0.322301386397546	0.374206635261773	0
0.319565472498365	0.374213340933094	0
0.411265527820154	0.378890546679854	0
0.403104725821864	0.38381250942985	0
0.320980369147206	0.379111833833465	0
0.286734505708203	0.374293808988952	0
0.196449347035255	0.374515096142562	0
0.188194665638464	0.369633367420496	0
0.173147139192972	0.369670248612764	0
0.14852391410035	0.369730599654658	0
0.134820874754824	0.36731320514325	0
0.244257430722033	0.367044978290389	0
0.141472900705772	0.347689058020821	0
0.163360211899214	0.347635412650249	0
0.194823221739786	0.347558297430051	0
0.169066738193827	0.372131229987762	0
0.162297362994753	0.379500762770113	0
0.23043704212838	0.352372969438903	0
0.218383597927948	0.379363296508022	0
0.24300682302057	0.379302945466128	0
0.479475616502657	0.359115521952691	0
0.505396388995993	0.35169904947109	0
0.623087626359994	0.356312551340296	0
0.649102278251832	0.358699770330757	0
0.670801830648271	0.33903874201606	0
0.673537744547451	0.339032036344739	0
0.694057098791303	0.338981743809827	0
0.77075656736685	0.348597676484887	0
0.784459606712377	0.351015070996295	0
0.709268914184171	0.356101322693668	0
0.661366951098892	0.353767749073779	0
0.651791252451761	0.353791218923404	0
0.618960285661598	0.353871686979263	0
0.53405307538851	0.344275871318167	0
0.509429850295888	0.344336222360061	0
0.599715008968835	0.344114935206451	0
0.751628639922214	0.351095539052153	0
0.752902717473303	0.34128849474443	0
0.767950243918794	0.341251613552162	0
0.781676753113946	0.346119930931585	0
0.789931434510738	0.351001659653652	0
0.751675579621465	0.355997384788185	0
0.643466161506094	0.341556721597291	0
0.631154548959783	0.341586897118238	0
0.584761361921845	0.353955507870782	0
0.579336473822736	0.358870764949456	0
0.561553033478064	0.358914351813046	0
0.35213827094265	0.347172721329064	0
0.302774471509279	0.335038809072773	0
0.294942247405743	0.374273691974988	0
0.299139997653015	0.384067324940068	0
0.215624214179142	0.376919079311328	0
0.389284337228211	0.369140500578364	0
0.517919230188932	0.373727179762284	0
0.576483210675429	0.346622856280699	0
0.25765536202243	0.337600375517594	0
0.358813766743223	0.329999497074651	0
0.123305102431612	0.118365928713138	1
0.131154495497711	0.118346690004643	1
0.138978011705896	0.115625167991109	1
0.146835752145515	0.116477633574562	1
0.154692936093567	0.117271985538551	1
0.162901425218648	0.123702629851513	1
0.162478610875125	0.110598737401519	1
0.170763061099244	0.124961890771208	1
0.170131869055914	0.107840273054878	1
0.178336553595784	0.127180755151004	1
0.178159032785577	0.108642510542243	1
0.186303377739712	0.121681815899431	1
0.185675392147799	0.104895043323818	1
0.194559740282272	0.123944668350815	1
0.193175077962658	0.106858382675325	1
0.202497248298969	0.127212861307389	1
0.201260073101022	0.108955991029233	1
0.209770854303672	0.130939299201594	1
0.209574969271719	0.110483305150547	1
0.218132405109564	0.12644395148171	1
0.21672978666202	0.107482533018207	1
0.225481883250367	0.132179321412793	1
0.2253472122909	0.118115825502699	1
0.225212541331432	0.104052329592605	1
0.233343519130963	0.133438582332488	1
0.233208848171496	0.119375086422394	1
0.233034388064913	0.101156466720681	1
0.241481055581118	0.132459740163892	1
0.241047111406234	0.118193575324635	1
0.240711986126905	0.100939781396751	1
0.249054548077659	0.134678604543688	1
0.248919877118191	0.120615108633594	1
0.24873929560436	0.101757239117786	1
0.256903941143758	0.134659365835193	1
0.25676927018429	0.120595869925098	1
0.256588688670459	0.10173800040929	1
0.264870765287685	0.129160426583619	1
0.26450736493678	0.108953907323963	1
0.264102497446327	0.097724179101658	1
0.272614970090453	0.135899388046392	1
0.272480299130985	0.121835892136298	1
0.272293596209906	0.102338772806395	1
0.281055104676232	0.131817489659969	1
0.280262913208919	0.114843019092219	1
0.279454877514765	0.100323518091508	1
0.288325999037148	0.137139410257592	1
0.288191328077681	0.123075914347498	1
0.287998503749352	0.102939545203499	1
0.296175392103247	0.137120171549097	1
0.29604072114378	0.123056675639002	1
0.295847896815451	0.102920306495004	1
0.304536942909139	0.132624823829213	1
0.303812205390352	0.114901530205659	1
0.30300414253411	0.10006869265262	1
0.311886421049942	0.138360193760296	1
0.311751750090475	0.124296697850202	1
0.311617079131008	0.110233201940108	1
0.311488529578789	0.096808955844109	1
0.319735814116041	0.138340955051801	1
0.319601143156574	0.124277459141707	1
0.319466472197107	0.110213963231613	1
0.319337922644888	0.096789717135614	1
0.328062273338256	0.136550275261081	1
0.327428276559951	0.121933675654684	1
0.327293605600484	0.107870179744589	1
0.32717507289649	0.095491978798928	1
0.335446843062737	0.139580977263001	1
0.335312172103269	0.125517481352907	1
0.335177501143802	0.111453985442812	1
0.335006101740843	0.093554990648147	1
0.343296236128836	0.139561738554505	1
0.343161565169368	0.125498242644411	1
0.343026894209901	0.111434746734317	1
0.342855494806942	0.093535751939652	1
0.351145629194935	0.13954249984601	1
0.351010958235467	0.125479003935916	1
0.350876287276	0.111415508025822	1
0.350704887873042	0.093516513231156	1
0.358995022261034	0.139523261137515	1
0.358860351301567	0.125459765227421	1
0.358725680342099	0.111396269317326	1
0.358554280939141	0.093497274522661	1
0.366961846404962	0.134024321885941	1
0.366598446054056	0.113817802626285	1
0.366463775094589	0.099754306716191	1
0.366075741474069	0.090282515482648	1
0.374706051207729	0.140763283348714	1
0.374571380248262	0.12669978743862	1
0.374436709288794	0.112636291528526	1
0.374259188478587	0.094098046919765	1
0.382555444273828	0.140744044640219	1
0.382420773314361	0.126680548730125	1
0.382286102354893	0.112617052820031	1
0.382108581544687	0.09407880821127	1
0.390404837339927	0.140724805931724	1
0.39027016638046	0.12666131002163	1
0.390135495420993	0.112597814111535	1
0.389957974610786	0.094059569502775	1
0.398254230406026	0.140705567223228	1
0.398119559446559	0.126642071313134	1
0.397984888487092	0.11257857540304	1
0.397807367676885	0.09404033079428	1
0.406103623472126	0.140686328514733	1
0.405968952512658	0.126622832604639	1
0.405834281553191	0.112559336694545	1
0.405656760742984	0.094021092085784	1
0.414465174278017	0.136190980794849	1
0.413740436759231	0.118467687171296	1
0.413605765799763	0.104404191261201	1
0.412820556197249	0.09195788634745	1
0.421814652418821	0.141926350725933	1
0.421679981459353	0.127862854815839	1
0.421545310499886	0.113799358905744	1
0.421361668282431	0.094621864482889	1
0.42966404548492	0.141907112017437	1
0.429529374525453	0.127843616107343	1
0.429394703565985	0.113780120197249	1
0.42921106134853	0.094602625774393	1
0.437513438551019	0.141887873308942	1
0.437378767591552	0.127824377398848	1
0.437244096632084	0.113760881488754	1
0.437060454414629	0.094583387065898	1
0.445362831617118	0.141868634600447	1
0.445228160657651	0.127805138690352	1
0.445093489698183	0.113741642780258	1
0.444909847480728	0.094564148357403	1
0.453212224683217	0.141849395891951	1
0.45307755372375	0.127785899981857	1
0.452942882764282	0.113722404071763	1
0.452759240546827	0.094544909648907	1
0.461061617749316	0.141830157183456	1
0.460926946789849	0.127766661273362	1
0.460792275830382	0.113703165363268	1
0.460608633612926	0.094525670940412	1
0.468911010815415	0.141810918474961	1
0.468776339855948	0.127747422564866	1
0.468641668896481	0.113683926654772	1
0.468458026679025	0.094506432231917	1
0.476760403881514	0.141791679766465	1
0.476625732922047	0.127728183856371	1
0.47649106196258	0.113664687946277	1
0.476307419745124	0.094487193523421	1
0.484609796947614	0.14177244105797	1
0.484475125988146	0.127708945147876	1
0.484340455028679	0.113645449237782	1
0.484156812811223	0.094467954814926	1
0.492459190013713	0.141753202349475	1
0.492324519054245	0.127689706439381	1
0.492189848094778	0.113626210529286	1
0.492006205877322	0.094448716106431	1
0.500308583079812	0.141733963640979	1
0.500173912120344	0.127670467730885	1
0.500039241160877	0.113606971820791	1
0.499855598943421	0.094429477397935	1
0.508157976145911	0.141714724932484	1
0.508023305186443	0.12765122902239	1
0.507888634226976	0.113587733112296	1
0.507704992009521	0.09441023868944	1
0.51600736921201	0.141695486223989	1
0.515872698252543	0.127631990313895	1
0.515738027293075	0.1135684944038	1
0.51555438507562	0.094390999980945	1
0.523856762278109	0.141676247515493	1
0.523722091318642	0.127612751605399	1
0.523587420359174	0.113549255695305	1
0.523403778141719	0.094371761272449	1
0.531706155344208	0.141657008806998	1
0.531571484384741	0.127593512896904	1
0.531436813425273	0.11353001698681	1
0.531253171207818	0.094352522563954	1
0.539555548410307	0.141637770098503	1
0.53942087745084	0.127574274188408	1
0.539286206491372	0.113510778278314	1
0.539102564273917	0.094333283855459	1
0.547404941476406	0.141618531390007	1
0.547270270516939	0.127555035479913	1
0.547135599557471	0.113491539569819	1
0.546951957340016	0.094314045146963	1
0.555247656643689	0.140901929247954	1
0.555112985684221	0.126838433337859	1
0.554978314724754	0.112774937427765	1
0.554798289702491	0.09397518153142	1
0.563091484794108	0.140301554344826	1
0.56295681383464	0.126238058434732	1
0.562822142875173	0.112174562524638	1
0.562644622064966	0.093636317915877	1
0.570940877860207	0.140282315636331	1
0.570806206900739	0.126218819726237	1
0.570671535941272	0.112155323816142	1
0.570494015131065	0.093617079207382	1
0.578790270926306	0.140263076927835	1
0.578655599966838	0.126199581017741	1
0.578520929007371	0.112136085107647	1
0.578343408197164	0.093597840498887	1
0.586639663992405	0.14024383821934	1
0.586504993032937	0.126180342309246	1
0.58637032207347	0.112116846399152	1
0.586192801263263	0.093578601790391	1
0.594489057058504	0.140224599510845	1
0.594354386099036	0.126161103600751	1
0.594219715139569	0.112097607690656	1
0.594042194329362	0.093559363081896	1
0.602335111175195	0.13985667908557	1
0.60206576925626	0.111729687265382	1
0.601889917920757	0.093365783515011	1
0.610175600376205	0.138907622465664	1
0.610040929416738	0.12484412655557	1
0.60990625845727	0.110780630645475	1
0.609734859054312	0.09288163585081	1
0.618024993442304	0.138888383757168	1
0.617890322482837	0.124824887847074	1
0.617755651523369	0.11076139193698	1
0.617584252120411	0.092862397142315	1
0.625874386508403	0.138869145048673	1
0.625739715548936	0.124805649138579	1
0.625605044589468	0.110742153228485	1
0.62543364518651	0.092843158433819	1
0.633723779574502	0.138849906340178	1
0.633589108615035	0.124786410430084	1
0.633454437655568	0.110722914519989	1
0.633283038252609	0.092823919725324	1
0.641560929826104	0.137552168003492	1
0.641426258866637	0.123488672093398	1
0.64129158790717	0.109425176183304	1
0.641163038354951	0.096000930087305	1
0.649410322892203	0.137532929294997	1
0.649275651932736	0.123469433384902	1
0.649140980973269	0.109405937474808	1
0.64901243142105	0.095981691378809	1
0.657259715958302	0.137513690586501	1
0.657125044998835	0.123450194676407	1
0.656990374039368	0.109386698766313	1
0.656861824487149	0.095962452670314	1
0.665102431125585	0.136797088444448	1
0.664967760166118	0.122733592534353	1
0.66483308920665	0.108670096624259	1
0.664711217553248	0.095943213961819	1
0.672946259276004	0.13619671354132	1
0.672811588316536	0.122133217631226	1
0.672618763988208	0.101996848487228	1
0.680795652342103	0.136177474832825	1
0.680660981382635	0.122113978922731	1
0.680468157054307	0.101977609778732	1
0.688637254526249	0.135344645451845	1
0.688502583566782	0.121281149541751	1
0.688313932925214	0.101580632543726	1
0.696482195659804	0.134860497787644	1
0.696347524700337	0.12079700187755	1
0.696160821779257	0.101299882547646	1
0.704328249776495	0.134492577362369	1
0.704193578817027	0.120429081452275	1
0.704008545370652	0.101106302980762	1
0.712168738977505	0.133543520742463	1
0.712034068018038	0.119480024832369	1
0.711853486504206	0.100622155316561	1
0.720017019060468	0.133408054795041	1
0.719882348101001	0.119344558884947	1
0.719702323078738	0.100544802988602	1
0.727855282295206	0.132226543697282	1
0.727720611335739	0.118163047787188	1
0.727546151229156	0.099944428085475	1
0.735702449395033	0.131974850510934	1
0.735567778435566	0.117911354600839	1
0.735077187393995	0.100213638831397	1
0.743541825612907	0.130909566652101	1
0.74340715465344	0.116846070742006	1
0.743272483693973	0.102782574831912	1
0.75138454078019	0.130192964510047	1
0.751249869820722	0.116129468599953	1
0.751121876760072	0.102763336123417	1
0.759228368930609	0.12959258960692	1
0.759032483898656	0.109136595555873	1
0.767066632165347	0.12841107850916	1
0.766876312049075	0.108536220652746	1
0.774908234349493	0.12757824912818	1
0.774721809674197	0.108110186608009	1
0.782748723550503	0.126629192508274	1
0.782566750807752	0.107626038943807	1
0.790588099768378	0.125563908649441	1
0.790411135449739	0.107083777660143	1
0.79842525001998	0.124266170312755	1
0.798086520795258	0.106636021515967	1
0.806261287288446	0.122852204737143	1
0.806134963702499	0.109660413118997	1
0.814040840662755	0.115539706786016	1
0.821882442846901	0.114706877405036	1
0.829405187287376	0.114110195220957	1
0.837599871446629	0.116615206240062	1
0.844735683324901	0.116597716505067	1
0.329436220683643	0.119287187138522	1
0.395098154263969	0.119126251026806	1
0.471703743441015	0.118938492229803	1
0.500383899683157	0.113966236944896	1
0.585197230557744	0.113758361133929	1
0.616683710247942	0.116132168781747	1
0.598900269903271	0.116175755645337	1
0.546941375668472	0.118754086268462	1
0.5291579353238	0.118797673132051	1
0.657792828284522	0.123384352315971	1
0.676873816029907	0.115984644012674	1
0.704186015322459	0.111015741563427	1
0.713644364721463	0.098737657373724	1
0.764258771856297	0.098613602454276	1
0.819211748336155	0.122988717708001	1
0.82602806323448	0.120521030661682	1
0.772583862801965	0.110848099780389	1
0.682275234279392	0.108618464065984	1
0.680836867780926	0.101269048297598	1
0.702677239275117	0.096313557190994	1
0.727370873916615	0.103605974753147	1
0.697369700424134	0.113483428609747	1
0.67260565623376	0.098838242443547	1
0.695813984677541	0.093879398501282	1
0.653618547886875	0.116041642218907	1
0.619490033695998	0.123478231714472	1
0.562082781512464	0.128520896548256	1
0.559370337462909	0.130978525087593	1
0.541633836817488	0.135923957687214	1
0.497835744580979	0.133580325560343	1
0.492363916782619	0.133593736902986	1
0.470500075438802	0.136098305141573	1
0.637226534341419	0.118532799114851	1
0.649749375534358	0.140560929406045	1
0.69338317882349	0.125748101456807	1
0.713926002916967	0.128148731789911	1
0.436089923052422	0.114123820220952	1
0.381395114918442	0.116708856515398	1
0.359507803725	0.11676250188597	1
0.343233139427671	0.131508273121993	1
0.354153325174766	0.129030527568691	1
0.350072924175622	0.131491508943689	1
0.24455248026018	0.112142294345443	1
0.189998491223953	0.129432867847982	1
0.161294865132186	0.131954200264874	1
0.143417545389013	0.122194095656401	1
0.196673987024526	0.112259643593569	1
0.207570702921996	0.107330975172252	1
0.213019060870731	0.104866640961593	1
0.23908065246182	0.112155705688086	1
0.219858845618682	0.104849876783289	1
0.26360999815594	0.10229166317413	1
0.290945667298117	0.099773683592899	1
0.300474426245998	0.094848368007242	1
0.306134012841361	0.114442339608724	1
0.282902214547954	0.116950260682973	1
0.271982028800858	0.119428006236274	1
0.25853715780121	0.143970763273038	1
0.377525942565925	0.141228143702536	1
0.391111632663325	0.131390923873866	1
0.272099378048985	0.131682620576353	1
0.38297430051466	0.138763809491878	1
0.413116293104893	0.143591892843372	1
0.350213743273373	0.146197046151783	1
0.32955356993177	0.131541801478601	1
0.281722016395366	0.136560996462758	1
0.262641028649981	0.143960704766056	1
0.220187423513436	0.139162796935508	1
0.20511642721832	0.136748755259761	1
0.192617055875006	0.117171547836583	1
0.166766692930546	0.131940788922231	1
0.691780523377647	0.101242225612312	1
0.723313942767095	0.108517878996161	1
0.738384939062212	0.110931920671908	1
0.771262845551625	0.115753298352081	1
0.794541583544283	0.118147223013864	1
0.58526764010662	0.121111129737976	1
0.567413790213073	0.113801947997519	1
0.541352198621985	0.106512883271026	1
0.509842249082161	0.101688152755193	1
0.49616267958626	0.1017216811118	1
0.457859884997737	0.101815560510302	1
0.445618682000302	0.109198504635295	1
0.437622168949389	0.1312769274614	1
0.454108061893346	0.138589462037518	1
0.422433823406146	0.116608271445575	1
0.416961995607785	0.116621682788218	1
0.557626862919314	0.091767112035004	1
0.585009471760742	0.094150978189804	1
0.615151464350975	0.098979061541299	1
0.635670818594826	0.098928769006387	1
0.648029370840388	0.103800439221472	1
0.590739467904981	0.121097718395333	1
0.590950696551609	0.143156024207473	1
0.615503512095355	0.135742904561533	1
0.526445491274245	0.121255301671388	1
0.509936128480663	0.111491844227255	1
0.486563511089504	0.09929422809341	1
0.461963755846507	0.101805502003319	1
0.440076444653065	0.101859147373891	1
0.423567081859483	0.092095689929758	1
0.397693249065397	0.104414008147391	1
0.378541851771135	0.104460947846641	1
0.349908635228244	0.11433504886758	1
0.32955356993177	0.131541801478601	1
0.315756651187742	0.11932071549513	1
0.293681581197298	0.099766977921577	1
0.215872324018038	0.11711454963035	1
0.204787849323565	0.102435835107542	1
0.314412164087777	0.121774991198806	1
0.365096980771487	0.129003704883405	1
0.347290070577191	0.126596368878979	1
0.330898057031734	0.129087525774924	1
0.362431476421183	0.136363179158773	1
0.395121624113594	0.121577173894821	1
0.418353422407001	0.119069252820573	1
0.43052421585556	0.104333540091532	1
0.46757640274262	0.11649762786877	1
0.4703123166418	0.116490922197449	1
0.472930881292853	0.104229602186049	1
0.53458282342291	0.113882416053377	1
0.61963085279375	0.138183768922566	1
0.597602722502556	0.123531877085045	1
0.638617961140635	0.120980369147206	1
0.657769358434896	0.120933429447955	1
0.684846859231195	0.091455298318553	1
0.555031768117886	0.106479354914419	1
0.497460226986974	0.094365559672093	1
0.486493101540628	0.091941459489363	1
0.471492514794387	0.096880186417663	1
0.453709074449716	0.096923773281253	1
0.446892759551391	0.099391460327572	1
0.430500746005934	0.101882617223517	1
0.402055288260046	0.13136410118858	1
0.398115706358653	0.148530619771672	1
0.453943772945969	0.121433001961409	1
0.39792794756165	0.128923236827547	1
0.389720205864109	0.128943353841511	1
0.347313540426816	0.129047291746995	1
0.324152151682285	0.13890798142529	1
0.347454359524568	0.143752828955089	1
0.291344654741748	0.141439372349164	1
0.277594675696971	0.134120132101725	1
0.235211480109302	0.136674992875224	1
0.220210893363062	0.141613719803524	1
0.288467921744816	0.126740540812392	1
0.33193743608657	0.094771252787045	1
0.308776047342039	0.10463194246534	1
0.273256106351947	0.109620961928551	1
0.325261940285997	0.111944477041458	1
0.347125781629813	0.10943990880287	1
0.116442130419274	0.593995773975954	2
0.124291523485373	0.593976535267459	2
0.132115039693558	0.591255013253925	2
0.139972780133177	0.592107478837377	2
0.147829964081229	0.592901830801367	2
0.15603845320631	0.599332475114328	2
0.155615638862787	0.586228582664335	2
0.163900089086906	0.600591736034023	2
0.163268897043576	0.583470118317693	2
0.171473581583447	0.602810600413819	2
0.17129606077324	0.584272355805059	2
0.179440405727374	0.597311661162246	2
0.178812420135461	0.580524888586633	2
0.187696768269934	0.599574513613631	2
0.18631210595032	0.582488227938141	2
0.195634276286631	0.602842706570204	2
0.194397101088684	0.584585836292049	2
0.202907882291334	0.606569144464409	2
0.202711997259381	0.586113150413363	2
0.211269433097226	0.602073796744525	2
0.209866814649682	0.583112378281023	2
0.218618911238029	0.607809166675609	2
0.218484240278562	0.593745670765515	2
0.218349569319094	0.57968217485542	2
0.226480547118625	0.609068427595304	2
0.226345876159158	0.59500493168521	2
0.226171416052575	0.576786311983497	2
0.23461808356878	0.608089585426707	2
0.234184139393896	0.59382342058745	2
0.233849014114567	0.576569626659567	2
0.242191576065321	0.610308449806504	2
0.242056905105853	0.596244953896409	2
0.241876323592022	0.577387084380601	2
0.25004096913142	0.610289211098008	2
0.249906298171952	0.596225715187914	2
0.249725716658121	0.577367845672106	2
0.258007793275347	0.604790271846435	2
0.257644392924442	0.584583752586779	2
0.257239525433989	0.573354024364474	2
0.265751998078115	0.611529233309208	2
0.265617327118647	0.597465737399114	2
0.265430624197568	0.57796861806921	2
0.274192132663894	0.607447334922785	2
0.273399941196581	0.590472864355034	2
0.272591905502427	0.575953363354323	2
0.28146302702481	0.612769255520408	2
0.281328356065343	0.598705759610313	2
0.281135531737014	0.578569390466315	2
0.289312420090909	0.612750016811912	2
0.289177749131442	0.598686520901818	2
0.288984924803113	0.57855015175782	2
0.297673970896801	0.608254669092029	2
0.296949233378014	0.590531375468475	2
0.296141170521772	0.575698537915435	2
0.305023449037604	0.613990039023112	2
0.304888778078137	0.599926543113018	2
0.30475410711867	0.585863047202924	2
0.304625557566451	0.572438801106925	2
0.312872842103703	0.613970800314617	2
0.312738171144236	0.599907304404522	2
0.312603500184769	0.585843808494428	2
0.31247495063255	0.572419562398429	2
0.321199301325918	0.612180120523896	2
0.320565304547613	0.597563520917499	2
0.320312100884152	0.571121824061744	2
0.328583871050399	0.615210822525816	2
0.328449200090931	0.601147326615722	2
0.328314529131464	0.587083830705628	2
0.328143129728505	0.569184835910963	2
0.336433264116498	0.615191583817321	2
0.33629859315703	0.601128087907227	2
0.336163922197563	0.587064591997133	2
0.335992522794604	0.569165597202467	2
0.344282657182597	0.615172345108826	2
0.34414798622313	0.601108849198731	2
0.344013315263662	0.587045353288637	2
0.343841915860704	0.569146358493972	2
0.352132050248696	0.61515310640033	2
0.351997379289229	0.601089610490236	2
0.351862708329761	0.587026114580142	2
0.351691308926803	0.569127119785477	2
0.360098874392624	0.609654167148757	2
0.359735474041718	0.589447647889101	2
0.359600803082251	0.575384151979007	2
0.359212769461731	0.565912360745463	2
0.367843079195391	0.61639312861153	2
0.367708408235924	0.602329632701436	2
0.367573737276456	0.588266136791342	2
0.367396216466249	0.569727892182581	2
0.37569247226149	0.616373889903035	2
0.375557801302023	0.60231039399294	2
0.375423130342556	0.588246898082846	2
0.375245609532348	0.569708653474086	2
0.383541865327589	0.616354651194539	2
0.383407194368122	0.602291155284445	2
0.383272523408655	0.588227659374351	2
0.383095002598448	0.56968941476559	2
0.391391258393689	0.616335412486044	2
0.391256587434221	0.60227191657595	2
0.391121916474754	0.588208420665855	2
0.390944395664547	0.569670176057095	2
0.399240651459788	0.616316173777549	2
0.39910598050032	0.602252677867454	2
0.398971309540853	0.58818918195736	2
0.398793788730646	0.5696509373486	2
0.407602202265679	0.611820826057665	2
0.406877464746893	0.594097532434111	2
0.406742793787425	0.580034036524017	2
0.405957584184911	0.567587731610266	2
0.414951680406483	0.617556195988748	2
0.414817009447015	0.603492700078654	2
0.414682338487548	0.58942920416856	2
0.414498696270093	0.570251709745704	2
0.422801073472582	0.617536957280253	2
0.422666402513115	0.603473461370159	2
0.422531731553647	0.589409965460065	2
0.422348089336192	0.570232471037209	2
0.430650466538681	0.617517718571758	2
0.430515795579214	0.603454222661664	2
0.430381124619746	0.589390726751569	2
0.430197482402291	0.570213232328713	2
0.43849985960478	0.617498479863262	2
0.438365188645313	0.603434983953168	2
0.43804687546839	0.570193993620218	2
0.446349252670879	0.617479241154767	2
0.446214581711412	0.603415745244673	2
0.446079910751944	0.589352249334579	2
0.445896268534489	0.570174754911723	2
0.454198645736978	0.617460002446272	2
0.454063974777511	0.603396506536178	2
0.453929303818043	0.589333010626083	2
0.453745661600588	0.570155516203227	2
0.462048038803077	0.617440763737776	2
0.46191336784361	0.603377267827682	2
0.461778696884142	0.589313771917588	2
0.461595054666687	0.570136277494732	2
0.469897431869176	0.617421525029281	2
0.469762760909709	0.603358029119187	2
0.469628089950242	0.589294533209093	2
0.469444447732786	0.570117038786237	2
0.477746824935275	0.617402286320786	2
0.477612153975808	0.603338790410692	2
0.477477483016341	0.589275294500597	2
0.477293840798885	0.570097800077742	2
0.485596218001375	0.61738304761229	2
0.485461547041907	0.603319551702196	2
0.48532687608244	0.589256055792102	2
0.485143233864984	0.570078561369246	2
0.493445611067474	0.617363808903795	2
0.493176269148539	0.589236817083607	2
0.492992626931083	0.570059322660751	2
0.501295004133573	0.6173445701953	2
0.501160333174106	0.603281074285205	2
0.501025662214638	0.589217578375111	2
0.500842019997183	0.570040083952256	2
0.509144397199672	0.617325331486804	2
0.509009726240205	0.60326183557671	2
0.508875055280737	0.589198339666616	2
0.508691413063282	0.57002084524376	2
0.516993790265771	0.617306092778309	2
0.516859119306304	0.603242596868215	2
0.516724448346836	0.589179100958121	2
0.516540806129381	0.570001606535265	2
0.52484318333187	0.617286854069814	2
0.524708512372403	0.603223358159719	2
0.524573841412935	0.589159862249625	2
0.52439019919548	0.56998236782677	2
0.532692576397969	0.617267615361318	2
0.532557905438502	0.603204119451224	2
0.532423234479035	0.58914062354113	2
0.532239592261579	0.569963129118274	2
0.540541969464068	0.617248376652823	2
0.540407298504601	0.603184880742729	2
0.540272627545134	0.589121384832634	2
0.540088985327678	0.569943890409779	2
0.548384684631351	0.616531774510769	2
0.548250013671884	0.602468278600675	2
0.547935317690153	0.569605026794236	2
0.556228512781769	0.615931399607642	2
0.556093841822302	0.601867903697548	2
0.555959170862835	0.587804407787453	2
0.555781650052628	0.569266163178693	2
0.564077905847869	0.615912160899146	2
0.563943234888401	0.601848664989052	2
0.563808563928934	0.587785169078958	2
0.563631043118727	0.569246924470198	2
0.571927298913968	0.615892922190651	2
0.5717926279545	0.601829426280557	2
0.571657956995033	0.587765930370463	2
0.571480436184826	0.569227685761702	2
0.579776691980067	0.615873683482156	2
0.579642021020599	0.601810187572062	2
0.579507350061132	0.587746691661967	2
0.579329829250925	0.569208447053207	2
0.587626085046166	0.61585444477366	2
0.587491414086698	0.601790948863566	2
0.587356743127231	0.587727452953472	2
0.587179222317024	0.569189208344711	2
0.595472139162857	0.615486524348386	2
0.595202797243922	0.587359532528197	2
0.595026945908419	0.568995628777827	2
0.603312628363867	0.614537467728479	2
0.6031779574044	0.600473971818385	2
0.603043286444932	0.586410475908291	2
0.602871887041974	0.568511481113626	2
0.611162021429966	0.614518229019984	2
0.611027350470499	0.60045473310989	2
0.610892679511031	0.586391237199796	2
0.610721280108073	0.56849224240513	2
0.619011414496065	0.614498990311489	2
0.618876743536598	0.600435494401395	2
0.61874207257713	0.5863719984913	2
0.618570673174172	0.568473003696635	2
0.626860807562164	0.614479751602993	2
0.626726136602697	0.600416255692899	2
0.626591465643229	0.586352759782805	2
0.626420066240271	0.56845376498814	2
0.634697957813766	0.613182013266308	2
0.634563286854299	0.599118517356213	2
0.634428615894832	0.585055021446119	2
0.634300066342613	0.57163077535012	2
0.642547350879865	0.613162774557812	2
0.642412679920398	0.599099278647718	2
0.642278008960931	0.585035782737624	2
0.642149459408712	0.571611536641625	2
0.650396743945965	0.613143535849317	2
0.650262072986497	0.599080039939223	2
0.65012740202703	0.585016544029129	2
0.649998852474811	0.571592297933129	2
0.658239459113247	0.612426933707263	2
0.65810478815378	0.598363437797169	2
0.657970117194312	0.584299941887075	2
0.65784824554091	0.571573059224634	2
0.666083287263666	0.611826558804136	2
0.665948616304198	0.597763062894042	2
0.66575579197587	0.577626693750043	2
0.673932680329765	0.611807320095641	2
0.673798009370297	0.597743824185546	2
0.673605185041969	0.577607455041548	2
0.681774282513911	0.61097449071466	2
0.681639611554444	0.596910994804566	2
0.681450960912876	0.577210477806542	2
0.689619223647466	0.610490343050459	2
0.689484552687998	0.596426847140365	2
0.689297849766919	0.576929727810462	2
0.697465277764157	0.610122422625185	2
0.697330606804689	0.596058926715091	2
0.697145573358314	0.576736148243577	2
0.705305766965167	0.609173366005278	2
0.7051710960057	0.595109870095184	2
0.704990514491868	0.576252000579376	2
0.71315404704813	0.609037900057857	2
0.713019376088663	0.594974404147763	2
0.712839351066399	0.576174648251418	2
0.720992310282868	0.607856388960097	2
0.720857639323401	0.593792893050003	2
0.720683179216818	0.57557427334829	2
0.728839477382695	0.607604695773749	2
0.728704806423228	0.593541199863655	2
0.728214215381657	0.575843484094213	2
0.736678853600569	0.606539411914916	2
0.736544182641102	0.592475916004822	2
0.736409511681635	0.578412420094728	2
0.744521568767852	0.605822809772863	2
0.744386897808385	0.591759313862768	2
0.744258904747734	0.578393181386233	2
0.752365396918271	0.605222434869735	2
0.752169511886318	0.584766440818689	2
0.760203660153009	0.604040923771976	2
0.760013340036737	0.584166065915562	2
0.768045262337155	0.603208094390996	2
0.767858837661859	0.583740031870824	2
0.775885751538165	0.602259037771089	2
0.775703778795414	0.583255884206623	2
0.78372512775604	0.601193753912256	2
0.783548163437401	0.582713622922959	2
0.791562278007642	0.599896015575571	2
0.79122354878292	0.582265866778783	2
0.799398315276108	0.598482049999958	2
0.799271991690161	0.585290258381812	2
0.807177868650417	0.591169552048832	2
0.815019470834563	0.590336722667852	2
0.822542215275038	0.589740040483772	2
0.830736899434291	0.592245051502878	2
0.837872711312563	0.592227561767882	2
0.530928232552681	0.589381569462373	2
0.507626024710399	0.584536721932575	2
0.455643660625974	0.584664129687683	2
0.407788637239946	0.587232401803826	2
0.366749928752242	0.587332986873648	2
0.353140768805217	0.594719283834303	2
0.335404268159796	0.599664716433924	2
0.349224656753449	0.61433672528541	2
0.132970109470084	0.602611858979732	2
0.14936212301554	0.600120702083787	2
0.173985348108162	0.600060351041894	2
0.142592747816466	0.607490234866138	2
0.180848602705738	0.602494509731605	2
0.157663744111582	0.609904276541885	2
0.183654926153795	0.609840572664331	2
0.191768788452834	0.600016764178304	2
0.221910781043067	0.604844847529798	2
0.239694221387739	0.604801260666208	2
0.264364386179611	0.609642755360346	2
0.204197750247272	0.612241202997435	2
0.198467754103033	0.585294462791906	2
0.20816080199829	0.597525607282359	2
0.193183685101675	0.604915257078674	2
0.230118522740608	0.604824730515834	2
0.246534006135689	0.604784496487905	2
0.269836213977972	0.609629344017703	2
0.279411912625103	0.609605874168078	2
0.265732343129201	0.609639402524685	2
0.202524685252552	0.580382558548893	2
0.192902046906171	0.575504182662487	2
0.216157315049203	0.575447184456254	2
0.247737674137902	0.587624683576134	2
0.266842131732913	0.582675898140853	2
0.275002933731203	0.577753935390857	2
0.254835627231731	0.614568070946003	2
0.290308628522573	0.60467720574676	2
0.298610249618615	0.614460780204858	2
0.29179393472029	0.616928467251178	2
0.290449447620325	0.619382742954854	2
0.284719451476086	0.592436002749325	2
0.276441300229669	0.585103351159243	2
0.269507636083217	0.575316423865484	2
0.280451291679938	0.575289601180198	2
0.29828167172386	0.58014786005264	2
0.313352668018977	0.582561901728387	2
0.313446547417478	0.592365593200449	2
0.309436555967209	0.602179343179494	2
0.275354981475583	0.614517778411091	2
0.235660760087844	0.612164087777238	2
0.327149586763005	0.594782987711857	2
0.299931266868954	0.609555581633166	2
0.327149586763005	0.594782987711857	2
0.276370890680793	0.577750582555196	2
0.299626158823825	0.577693584348963	2
0.316041642218907	0.577653350321034	2
0.296937184623896	0.582602135756316	2
0.311961241219762	0.580114331696032	2
0.340688337161154	0.580043922147156	2
0.366679519203366	0.579980218269601	2
0.383118472448073	0.582390907109688	2
0.383188881996949	0.589743675713735	2
0.364107894251563	0.597143384017032	2
0.342244052907747	0.59964795225562	2
0.371135437796516	0.616734002782854	2
0.37101808854839	0.604479388442775	2
0.370830329751387	0.58487200549865	2
0.399674774940906	0.597056210289853	2
0.398353757690567	0.601961408861545	2
0.384674188194666	0.601994937218152	2
0.388613770096059	0.584828418635061	2
0.40229333959196	0.584794890278453	2
0.419959430688505	0.572496689074785	2
0.437813280582052	0.579805870815242	2
0.417387805736702	0.589659854822216	2
0.405404771085145	0.624002950495381	2
0.421655965532849	0.606806256391343	2
0.443472867177415	0.599399842416724	2
0.424274530183903	0.594544936379943	2
0.422836163685437	0.587195520611557	2
0.428237581934922	0.579829340664867	2
0.421327387638095	0.572493336239124	2
0.454252233826759	0.582216559655328	2
0.435335535028751	0.606772728034736	2
0.429957586628891	0.616589830849441	2
0.440854302526362	0.611661162428124	2
0.444958173375132	0.611651103921141	2
0.459982229970998	0.609163299860857	2
0.464086100819768	0.609153241353875	2
0.47781261001492	0.614021558733299	2
0.481658312517812	0.587051348678145	2
0.463757522925014	0.574840321201656	2
0.472035674171431	0.582172972791739	2
0.495361351863338	0.589468743189553	2
0.488380748017636	0.574779970159763	2
0.506164188362307	0.574736383296173	2
0.525385995205445	0.582042212200969	2
0.50088011936095	0.594357177582941	2
0.489936463764229	0.594384000268227	2
0.489936463764229	0.594384000268227	2
0.525573754002447	0.601649595145094	2
0.546022698697423	0.594246534006136	2
0.559631858644448	0.586860237045481	2
0.534914754153325	0.577116896615312	2
0.559537979245947	0.577056545573419	2
0.581495699988265	0.584355668806893	2
0.811476756466782	0.600948852491995	2
0.816901644565892	0.596033595413321	2
0.757985616335015	0.586374075874671	2
0.736121774991199	0.588878644113259	2
0.726569546193693	0.5913530368309	2
0.712819567148916	0.58403379658346	2
0.683951652109772	0.569398668924243	2
0.683951652109772	0.569398668924243	2
0.693762049253156	0.593884427754774	2
0.673195755310054	0.589032874553654	2
0.640388258369516	0.591564265477528	2
0.643194581817572	0.598910328410253	2
0.636307857370371	0.594025246852526	2
0.623902365425559	0.58425173090141	2
0.608854838980067	0.584288612093678	2
0.602015054232117	0.584305376271982	2
0.595198739333792	0.586773063318301	2
0.592486295284237	0.589230691857639	2
0.580198152587551	0.591711790246601	2
0.553097181941627	0.618738998507988	2
0.547625354143267	0.618752409850631	2
0.499676451358737	0.611516990494711	2
0.589961610031684	0.611295703341101	2
0.618665236123452	0.608774370924209	2
0.633665822869692	0.603835643995909	2
0.665034953311763	0.593954837303649	2
0.644492129218286	0.591554206970545	2
0.665081893011014	0.598856683039681	2
0.665105362860639	0.601307605907696	2
0.681403497007594	0.589012757539689	2
0.691026135353976	0.593891133426095	2
0.707441618749057	0.593850899398166	2
0.723904041843389	0.598712511106268	2
0.697959799500427	0.603678060719854	2
0.67741697540695	0.60127743038675	2
0.666496789659855	0.603755175940051	2
0.639161120517678	0.606273155521282	2
0.618547886875325	0.596519756584131	2
0.611637692578498	0.589183752158388	2
0.666355970562103	0.589049638731957	2
0.703267338351411	0.586508189301101	2
0.674469832861142	0.57922583024593	2
0.664894134214011	0.579249300095556	2
0.673054936212302	0.57432733734556	2
0.655318435566881	0.579272769945181	2
0.46656384637307	0.582186384134382	2
0.383212351846574	0.592194598581751	2
0.291371477427034	0.572811855626896	2
0.545881879599671	0.579540996798042	2
0.766310707280683	0.598608573200784	2
0.125080310533682	0.825388465916917	3
0.132929703599781	0.825369227208422	3
0.140753219807966	0.822647705194888	3
0.148610960247586	0.82350017077834	3
0.156468144195637	0.82429452274233	3
0.164676633320718	0.830725167055291	3
0.164253818977195	0.817621274605298	3
0.172538269201314	0.831984427974986	3
0.171907077157984	0.814862810258657	3
0.180111761697855	0.834203292354782	3
0.179934240887648	0.815665047746022	3
0.188078585841782	0.828704353103209	3
0.187450600249869	0.811917580527596	3
0.196334948384342	0.830967205554594	3
0.194950286064728	0.813880919879104	3
0.204272456401039	0.834235398511168	3
0.203035281203093	0.815978528233012	3
0.211546062405742	0.837961836405372	3
0.211350177373789	0.817505842354326	3
0.219907613211634	0.833466488685489	3
0.21850499476409	0.814505070221986	3
0.227257091352437	0.839201858616572	3
0.22712242039297	0.825138362706478	3
0.226987749433502	0.811074866796383	3
0.235118727233033	0.840461119536267	3
0.234984056273566	0.826397623626173	3
0.234809596166983	0.80817900392446	3
0.243256263683188	0.839482277367671	3
0.242822319508304	0.825216112528413	3
0.242487194228975	0.80796231860053	3
0.250829756179729	0.841701141747467	3
0.250695085220261	0.827637645837372	3
0.25051450370643	0.808779776321564	3
0.258679149245828	0.841681903038971	3
0.25854447828636	0.827618407128877	3
0.258363896772529	0.808760537613069	3
0.266645973389756	0.836182963787398	3
0.26628257303885	0.815976444527742	3
0.265877705548397	0.804746716305437	3
0.274390178192523	0.842921925250171	3
0.274255507233056	0.828858429340077	3
0.274068804311976	0.809361310010173	3
0.282830312778303	0.838840026863748	3
0.282038121310989	0.821865556295998	3
0.281230085616835	0.807346055295287	3
0.290101207139218	0.844161947461371	3
0.289966536179751	0.830098451551276	3
0.289773711851422	0.809962082407278	3
0.297950600205317	0.844142708752875	3
0.29781592924585	0.830079212842781	3
0.297623104917522	0.809942843698783	3
0.306312151011209	0.839647361032992	3
0.305587413492422	0.821924067409438	3
0.30477935063618	0.807091229856398	3
0.313661629152012	0.845382730964075	3
0.313526958192545	0.831319235053981	3
0.313392287233078	0.817255739143887	3
0.313263737680859	0.803831493047888	3
0.321511022218112	0.84536349225558	3
0.321376351258644	0.831299996345485	3
0.321241680299177	0.817236500435391	3
0.321113130746958	0.803812254339392	3
0.329837481440326	0.84357281246486	3
0.329203484662021	0.828956212858462	3
0.329068813702554	0.814892716948368	3
0.32895028099856	0.802514516002706	3
0.337222051164807	0.846603514466779	3
0.337087380205339	0.832540018556685	3
0.336952709245872	0.818476522646591	3
0.336781309842913	0.800577527851926	3
0.345071444230906	0.846584275758284	3
0.344936773271438	0.83252077984819	3
0.344802102311971	0.818457283938096	3
0.344630702909013	0.80055828914343	3
0.352920837297005	0.846565037049789	3
0.352786166337538	0.832501541139694	3
0.35265149537807	0.8184380452296	3
0.352480095975112	0.800539050434935	3
0.360770230363104	0.846545798341293	3
0.360635559403637	0.832482302431199	3
0.360500888444169	0.818418806521105	3
0.360329489041211	0.80051981172644	3
0.368737054507032	0.84104685908972	3
0.368373654156126	0.820840339830064	3
0.368238983196659	0.80677684391997	3
0.367850949576139	0.797305052686427	3
0.376481259309799	0.847785820552493	3
0.376346588350332	0.833722324642399	3
0.376211917390864	0.819658828732305	3
0.376034396580658	0.801120584123544	3
0.384330652375898	0.847766581843998	3
0.384195981416431	0.833703085933903	3
0.384061310456964	0.819639590023809	3
0.383883789646757	0.801101345415049	3
0.392180045441998	0.847747343135502	3
0.39204537448253	0.833683847225408	3
0.391910703523063	0.819620351315314	3
0.391733182712856	0.801082106706553	3
0.400029438508097	0.847728104427007	3
0.399894767548629	0.833664608516913	3
0.399760096589162	0.819601112606819	3
0.399582575778955	0.801062867998058	3
0.407878831574196	0.847708865718512	3
0.407744160614728	0.833645369808417	3
0.407609489655261	0.819581873898323	3
0.407431968845054	0.801043629289563	3
0.416240382380087	0.843213517998628	3
0.415515644861301	0.825490224375074	3
0.415380973901833	0.81142672846498	3
0.414595764299319	0.798980423551229	3
0.423589860520891	0.848948887929712	3
0.423455189561423	0.834885392019617	3
0.423320518601956	0.820821896109523	3
0.423136876384501	0.801644401686667	3
0.43143925358699	0.848929649221216	3
0.431304582627523	0.834866153311122	3
0.431169911668055	0.820802657401027	3
0.4309862694506	0.801625162978172	3
0.439288646653089	0.848910410512721	3
0.439153975693622	0.834846914602626	3
0.439019304734154	0.820783418692532	3
0.438835662516699	0.801605924269677	3
0.447138039719188	0.848891171804225	3
0.447003368759721	0.834827675894131	3
0.446868697800253	0.820764179984037	3
0.446685055582798	0.801586685561181	3
0.454987432785287	0.84887193309573	3
0.45485276182582	0.834808437185636	3
0.454718090866353	0.820744941275542	3
0.454534448648897	0.801567446852686	3
0.462836825851386	0.848852694387235	3
0.462702154891919	0.83478919847714	3
0.462567483932452	0.820725702567046	3
0.462383841714996	0.801548208144191	3
0.470686218917486	0.848833455678739	3
0.470551547958018	0.834769959768645	3
0.470416876998551	0.820706463858551	3
0.470233234781095	0.801528969435695	3
0.478535611983585	0.848814216970244	3
0.478400941024117	0.83475072106015	3
0.47826627006465	0.820687225150056	3
0.478082627847194	0.8015097307272	3
0.486385005049684	0.848794978261749	3
0.486250334090216	0.834731482351654	3
0.486115663130749	0.82066798644156	3
0.485932020913293	0.801490492018705	3
0.494234398115783	0.848775739553253	3
0.494099727156315	0.834712243643159	3
0.493965056196848	0.820648747733065	3
0.493781413979393	0.801471253310209	3
0.502083791181882	0.848756500844758	3
0.501949120222414	0.834693004934664	3
0.501814449262947	0.82062950902457	3
0.501630807045492	0.801452014601714	3
0.509933184247981	0.848737262136263	3
0.509798513288514	0.834673766226169	3
0.509663842329046	0.820610270316074	3
0.509480200111591	0.801432775893218	3
0.51778257731408	0.848718023427767	3
0.517647906354613	0.834654527517673	3
0.517513235395145	0.820591031607579	3
0.51732959317769	0.801413537184723	3
0.525631970380179	0.848698784719272	3
0.525497299420712	0.834635288809178	3
0.525362628461244	0.820571792899083	3
0.525178986243789	0.801394298476228	3
0.533481363446278	0.848679546010777	3
0.533346692486811	0.834616050100682	3
0.533212021527343	0.820552554190588	3
0.533028379309888	0.801375059767732	3
0.541330756512377	0.848660307302281	3
0.54119608555291	0.834596811392187	3
0.541061414593443	0.820533315482093	3
0.540877772375987	0.801355821059237	3
0.549180149578476	0.848641068593786	3
0.549045478619009	0.834577572683692	3
0.548910807659542	0.820514076773597	3
0.548727165442086	0.801336582350742	3
0.557022864745759	0.847924466451732	3
0.556888193786291	0.833860970541638	3
0.556753522826824	0.819797474631544	3
0.556573497804561	0.800997718735199	3
0.564866692896177	0.847324091548605	3
0.56473202193671	0.833260595638511	3
0.564597350977243	0.819197099728416	3
0.564419830167036	0.800658855119656	3
0.572716085962277	0.84730485284011	3
0.572581415002809	0.833241356930015	3
0.572446744043342	0.819177861019921	3
0.572269223233135	0.800639616411161	3
0.580565479028376	0.847285614131614	3
0.580430808068908	0.83322211822152	3
0.580296137109441	0.819158622311426	3
0.580118616299234	0.800620377702665	3
0.588414872094475	0.847266375423119	3
0.588280201135007	0.833202879513025	3
0.58814553017554	0.81913938360293	3
0.587968009365333	0.80060113899417	3
0.596264265160574	0.847247136714623	3
0.596129594201107	0.833183640804529	3
0.595994923241639	0.819120144894435	3
0.595817402431432	0.800581900285675	3
0.604110319277265	0.846879216289349	3
0.603975648317797	0.832815720379255	3
0.60384097735833	0.818752224469161	3
0.603665126022827	0.80038832071879	3
0.611950808478275	0.845930159669443	3
0.611816137518808	0.831866663759348	3
0.61168146655934	0.817803167849254	3
0.611510067156382	0.799904173054589	3
0.619800201544374	0.845910920960947	3
0.619665530584907	0.831847425050853	3
0.619530859625439	0.817783929140759	3
0.619359460222481	0.799884934346093	3
0.627649594610473	0.845891682252452	3
0.627514923651006	0.831828186342358	3
0.627380252691539	0.817764690432263	3
0.62720885328858	0.799865695637598	3
0.635498987676572	0.845872443543956	3
0.635364316717105	0.831808947633862	3
0.635229645757638	0.817745451723768	3
0.635058246354679	0.799846456929103	3
0.643336137928174	0.844574705207271	3
0.643201466968707	0.830511209297177	3
0.64306679600924	0.816447713387082	3
0.642938246457021	0.803023467291083	3
0.651185530994274	0.844555466498775	3
0.651050860034806	0.830491970588681	3
0.650916189075339	0.816428474678587	3
0.65078763952312	0.803004228582588	3
0.659034924060373	0.84453622779028	3
0.658900253100905	0.830472731880186	3
0.658765582141438	0.816409235970092	3
0.658637032589219	0.802984989874093	3
0.666877639227655	0.843819625648226	3
0.666742968268188	0.829756129738132	3
0.66660829730872	0.815692633828038	3
0.666486425655318	0.802965751165597	3
0.674721467378074	0.843219250745099	3
0.674586796418606	0.829155754835005	3
0.674393972090278	0.809019385691006	3
0.682570860444173	0.843200012036604	3
0.682436189484706	0.829136516126509	3
0.682243365156377	0.809000146982511	3
0.690412462628319	0.842367182655623	3
0.690277791668852	0.828303686745529	3
0.690089141027284	0.808603169747505	3
0.698257403761874	0.841883034991423	3
0.698122732802407	0.827819539081328	3
0.697936029881327	0.808322419751425	3
0.706103457878565	0.841515114566148	3
0.705968786919097	0.827451618656054	3
0.705783753472722	0.80812884018454	3
0.713943947079575	0.840566057946242	3
0.713809276120108	0.826502562036147	3
0.713628694606276	0.807644692520339	3
0.721792227162538	0.84043059199882	3
0.721657556203071	0.826367096088725	3
0.721477531180808	0.807567340192381	3
0.729630490397276	0.83924908090106	3
0.729495819437809	0.825185584990966	3
0.729321359331226	0.806966965289253	3
0.737477657497103	0.838997387714712	3
0.737342986537636	0.824933891804618	3
0.736852395496065	0.807236176035175	3
0.745317033714978	0.837932103855879	3
0.74518236275551	0.823868607945785	3
0.745047691796043	0.809805112035691	3
0.75315974888226	0.837215501713825	3
0.753025077922793	0.823152005803732	3
0.752897084862142	0.809785873327196	3
0.761003577032679	0.836615126810698	3
0.760807692000726	0.816159132759652	3
0.768841840267417	0.835433615712939	3
0.768651520151145	0.815558757856525	3
0.776683442451563	0.834600786331959	3
0.776497017776267	0.815132723811787	3
0.784523931652574	0.833651729712052	3
0.784341958909822	0.814648576147586	3
0.792363307870448	0.832586445853219	3
0.792186343551809	0.814106314863922	3
0.80020045812205	0.831288707516534	3
0.799861728897328	0.813658558719746	3
0.808036495390516	0.829874741940922	3
0.807910171804569	0.816682950322775	3
0.815816048764825	0.822562243989795	3
0.823657650948971	0.821729414608814	3
0.831180395389446	0.821132732424735	3
0.839375079548699	0.823637743443841	3
0.846510891426971	0.823620253708845	3
0.430537627198203	0.820019781730398	3
0.448250657993998	0.812623426262762	3
0.513936061423949	0.814913413019061	3
0.524950126569546	0.822239358937822	3
0.525114415516924	0.839395819013931	3
0.466245326985298	0.834638145211313	3
0.441528222494174	0.824894804781144	3
0.554974769911653	0.814812827949238	3
0.61667365174096	0.829367487552597	3
0.581200650450118	0.83925835275184	3
0.654952976479858	0.826822685286081	3
0.671321520175689	0.82188060552212	3
0.686345576771554	0.819392801461836	3
0.724648371360078	0.819298922063335	3
0.745120785904679	0.814346783792392	3
0.761606678848636	0.82165931836851	3
0.794578464736551	0.836284387520746	3
0.820499237229887	0.828867915039144	3
0.769814420546177	0.821639201354546	3
0.765616670298905	0.811845568389465	3
0.728869591456975	0.831543477896431	3
0.722029806709024	0.831560242074735	3
0.704246366364353	0.831603828938325	3
0.690308628522573	0.80467720574676	3
0.686204757673803	0.804687264253742	3
0.667311528725419	0.831694355501165	3
0.634527501634507	0.836676669293055	3
0.623396087240784	0.817096109034216	3
0.621981190591943	0.812197616133845	3
0.600093879398501	0.812251261504417	3
0.593254094650551	0.812268025682721	3
0.586508189301101	0.822088481333087	3
0.581059831352366	0.824552815543746	3
0.570116175755645	0.824579638229032	3
0.562002313456606	0.834403446715059	3
0.545539890362274	0.829541835006957	3
0.485208965482557	0.814983822567937	3
0.474288779735461	0.817461568121238	3
0.45108045129168	0.822420412063503	3
0.482590400831503	0.827245142579337	3
0.489547534827581	0.839482992741111	3
0.490915491777171	0.83947963990545	3
0.426621515146435	0.839637223181506	3
0.396526462255453	0.839710985566043	3
0.37053528021324	0.839774689443597	3
0.37053528021324	0.839774689443597	3
0.369190793113275	0.842228965147273	3
0.290935608791135	0.813009002363749	3
0.270439724396909	0.815510217766676	3
0.249967309852308	0.820462356037619	3
0.215862265511056	0.8303498684012	3
0.20631003671355	0.832824261118841	3
0.19810229501601	0.832844378132806	3
0.195436790665705	0.840203852408174	3
0.18862047576738	0.842671539454494	3
0.159729090878611	0.82558548892726	3
0.161097047828201	0.8255821360916	3
0.211570635865283	0.810752543964058	3
0.297822333238336	0.817894083921476	3
0.28411929389281	0.815476689410069	3
0.260981374997904	0.82778830195638	3
0.319873933379155	0.834996898627014	3
0.334921459824647	0.834960017434745	3
0.328058205227071	0.832525858745034	3
0.375889758763474	0.827506663760876	3
0.337563494325326	0.825149620291361	3
0.342894503025934	0.810430671740625	3
0.345583477225864	0.805522120333272	3
0.372966086067291	0.807905986488072	3
0.382541784714422	0.807882516638447	3
0.396362173308075	0.822554525489933	3
0.414192553351998	0.827412784362375	3
0.423744782149503	0.824938391644733	3
0.437424351645404	0.824904863288126	3
0.478463060133107	0.824804278218303	3
0.486694271680274	0.827235084072354	3
0.478556939531609	0.834607969690366	3
0.453957184288612	0.837119243600275	3
0.449876783289467	0.839580224975273	3
0.449876783289467	0.839580224975273	3
0.426410286499807	0.817578917369365	3
0.379758931115991	0.802987376573737	3
0.293577643291814	0.803198605220365	3
0.470208378736316	0.819922549496236	3
0.448438416791001	0.832230809206887	3
0.474359189284337	0.824814336725285	3
0.493369767480847	0.810061859817941	3
0.527521751521349	0.805076193190391	3
0.531789911317497	0.822222594759518	3
0.527732980167977	0.827134499002531	3
0.531836851016747	0.827124440495549	3
0.542733566914218	0.822195772074232	3
0.564597408258034	0.819691203835644	3
0.59457511190089	0.807362827111029	3
0.615117935994367	0.809763457444133	3
0.641085648186954	0.807248830698563	3
0.657501131582036	0.807208596670634	3
0.633136074835292	0.8342290992607	3
0.642711773482423	0.834205629411074	3
0.679552731722855	0.824311411376171	3
0.711015741563427	0.824234296155974	3
0.710757573217549	0.797274144607802	3
0.732832643207993	0.816827882181355	3
0.747880169653485	0.816791000989086	3
0.758823825250205	0.8167641783038	3
0.802621917486714	0.819107810430672	3
0.813565573083435	0.819080987745386	3
0.778045632093343	0.824070007208597	3
0.757573217548742	0.829022145479539	3
0.717902466010628	0.829119377713701	3
0.706935340564282	0.826695277530972	3
0.68636904662118	0.821843724329852	3
0.682265175772409	0.821853782836834	3
0.650802165931837	0.821930898057032	3
0.626178940839215	0.821991249098925	3
0.585069822802635	0.814739065564701	3
0.537261739115857	0.822209183416875	3
0.527709510318352	0.824683576134516	3
0.47419490033696	0.807657876649176	3
0.467355115589009	0.80767464082748	3
0.462071046587651	0.827295435114248	3
0.444123317295603	0.810182561901728	3
0.444123317295603	0.810182561901728	3
0.564761697205412	0.836847663911753	3
0.600445927142881	0.849015104524652	3
0.627734656585808	0.84159527920739	3
0.664505205277363	0.82434829256844	3
0.689151900219611	0.826738864394562	3
0.701369633367421	0.816904997401552	3
0.755994031952524	0.806967192503059	3
0.724507552262326	0.804593384855241	3
0.695803926170559	0.807114717272133	3
0.704035137717725	0.809545523126184	3
0.734200600157583	0.816824529345694	3
0.704011667868099	0.807094600258168	3
0.716323280414411	0.807064424737222	3
0.71354042681598	0.802169284672512	3
0.732762233659117	0.809475113577308	3
0.612475901493688	0.819573854587517	3
0.538488876967695	0.80750029337312	3
0.524809307471794	0.807533821729728	3
0.482566930981878	0.824794219711321	3
0.453792895341235	0.819962783524166	3
0.416858057702302	0.820053310087006	3
0.40181053125681	0.820090191279274	3
0.355346934669997	0.825106033427772	3
0.724648371360078	0.819298922063335	3
0.7492715964527	0.819238571021441	3
0.79995641313641	0.82646728470604	3
0.535964191715143	0.829565304856582	3
