0.449365473706303	0.260396590780476	0
0.449120443779277	0.239647892727885	0
0.452769942788669	0.226706233991211	0
0.455538635280433	0.284838677794143	0
0.458640797830065	0.257383541990793	0
0.459182712541221	0.236879554328268	0
0.460740649933465	0.216308818390699	0
0.464039274894593	0.294065086748267	0
0.464108474617245	0.279463945268761	0
0.467474097491668	0.264837640253745	0
0.46754329721432	0.250236498774239	0
0.467612496936972	0.235635357294733	0
0.468594399062173	0.202334039249255	0
0.470154014023452	0.221015343163595	0
0.473104438561964	0.293995887025615	0
0.473173638284616	0.279394745546109	0
0.476668898301799	0.193944995815758	0
0.476539261159039	0.264768440531093	0
0.476608460881691	0.250167299051587	0
0.476677660604343	0.235566157572081	0
0.479219177690823	0.220946143440943	0
0.482173605519076	0.293081993167785	0
0.482242805241727	0.278480851688279	0
0.485680264926488	0.210056972942667	0
0.484376522929585	0.186893982192678	0
0.486364782991062	0.266551696414214	0
0.485682203027077	0.24828804046784	0
0.485751402749728	0.233686898988334	0
0.490076063722533	0.179716083688535	0
0.491255926142476	0.289392675722942	0
0.494579529524589	0.21957141976415	0
0.494154307914367	0.199474212970219	0
0.495392620747427	0.274358263913842	0
0.494706189999977	0.256907123278448	0
0.494775389722629	0.242305981798942	0
0.493738537679922	0.229241722313976	0
0.498491631548469	0.181153819672587	0
0.501098609696349	0.168736787541376	0
0.503370779593958	0.208879029900444	0
0.503689000278407	0.274214488622316	0
0.503758200001059	0.25961334714281	0
0.503827399723711	0.245012205663304	0
0.503896599446362	0.230411064183798	0
0.508174936637888	0.186214566733916	0
0.510665284124258	0.168418835785404	0
0.512416471477899	0.212918376481549	0
0.512803347219729	0.263767618096048	0
0.512872546942381	0.249166476616542	0
0.512941746665032	0.234565335137036	0
0.517211791327811	0.19211856125288	0
0.518891535959132	0.170238002130659	0
0.521624138643389	0.219626945091847	0
0.521902824799159	0.256458182929014	0
0.52197202452181	0.241857041449507	0
0.522041224244462	0.227255899970001	0
0.52473631290795	0.159775808928808	0
0.526247859657248	0.198188477834112	0
0.528741464922769	0.179705355484779	0
0.531015456044878	0.246373324174965	0
0.531084655767529	0.231772182695459	0
0.531153855490181	0.217171041215953	0
0.533237424825311	0.160073978321999	0
0.535292342043872	0.201758528222535	0
0.537785958543114	0.183997535684578	0
0.540125227797925	0.236891818374615	0
0.540194427520577	0.222290676895109	0
0.542371870990122	0.165519648840577	0
0.544327309468632	0.20806073569094	0
0.544401929029701	0.150406462523364	0
0.546815174302614	0.191513344522708	0
0.549217270696409	0.231151100887197	0
0.551704677383104	0.174446833303876	0
0.55333753275014	0.219583957385351	0
0.552669807850583	0.154715875251498	0
0.555821023921999	0.203959408925347	0
0.555289244523757	0.186444839295846	0
0.559502775536232	0.147469944149212	0
0.561585720297963	0.229608690540159	0
0.561862519188569	0.171204124622135	0
0.564127237384443	0.214988676409021	0
0.564196437107094	0.200387534929514	0
0.564265636829746	0.185786393450008	0
0.567700459426821	0.156558946955487	0
0.567791677243044	0.137311987732502	0
0.570652027762402	0.229298149636028	0
0.571489507177609	0.172968475592681	0
0.57389023981336	0.216715524033374	0
0.57326617596274	0.199352970480945	0
0.573060292490388	0.184834373023225	0
0.577394361988386	0.159065864180641	0
0.576494643271172	0.135420476222657	0
0.582216388024714	0.223538559496977	0
0.582285587747366	0.208937418017471	0
0.582354787470018	0.194336276537965	0
0.58242398719267	0.179735135058459	0
0.584676252297958	0.13051327225407	0
0.585793041458298	0.164384806499005	0
0.58586224118095	0.149783665019499	0
0.591289558271566	0.221779971503969	0
0.591358757994218	0.207178830024463	0
0.591427957716869	0.192577688544957	0
0.591497157439521	0.177976547065451	0
0.593682858321237	0.134105733916307	0
0.595618982682579	0.166079570615584	0
0.596034600410748	0.147936242120828	0
0.600365588011089	0.219418030557263	0
0.60043478773374	0.204816889077757	0
0.600503987456392	0.190215747598251	0
0.602827778826732	0.131597912828526	0
0.60462291508021	0.178930168808131	0
0.603941097647604	0.16050561874077	0
0.604008295725386	0.146326824328853	0
0.609440473953543	0.217297430792036	0
0.609509673676195	0.20269628931253	0
0.611417315832852	0.132823852360993	0
0.613631041400426	0.190895849335254	0
0.612949071461544	0.17250347809209	0
0.613018271184196	0.157902336612584	0
0.614183800397123	0.143815713181114	0
0.618511928504792	0.215900854571247	0
0.620575338416587	0.128281423926457	0
0.621877551379215	0.201274549556232	0
0.621946751101866	0.186673408076726	0
0.622015950824518	0.17207226659722	0
0.62208515054717	0.157471125117714	0
0.622154350269821	0.142869983638208	0
0.627577092172163	0.215831654848596	0
0.629640502083958	0.128212224203805	0
0.630942715046586	0.20120534983358	0
0.631011914769237	0.186604208354074	0
0.631081114491889	0.172003066874568	0
0.631150314214541	0.157401925395062	0
0.631219513937192	0.142800783915556	0
0.636642255839534	0.215762455125944	0
0.638705665751329	0.128143024481153	0
0.640007878713957	0.201136150110928	0
0.640077078436608	0.186535008631422	0
0.64014627815926	0.171933867151916	0
0.640215477881912	0.15733272567241	0
0.640284677604563	0.142731584192904	0
0.645707419506905	0.215693255403292	0
0.6477708294187	0.128073824758501	0
0.649073042381328	0.201066950388277	0
0.649142242103979	0.186465808908771	0
0.649211441826631	0.171864667429265	0
0.649280641549283	0.157263525949759	0
0.649349841271934	0.142662384470253	0
0.654772583174276	0.215624055680641	0
0.656835993086071	0.12800462503585	0
0.658138206048699	0.200997750665625	0
0.65820740577135	0.186396609186119	0
0.658276605494002	0.171795467706613	0
0.658345805216654	0.157194326227107	0
0.658415004939305	0.142593184747601	0
0.664622010365032	0.212363280870841	0
0.665889432833489	0.130409172423362	0
0.668004408929795	0.194197305194127	0
0.667318321321466	0.17667376220429	0
0.667387521044118	0.162072620724784	0
0.66745672076677	0.147471479245278	0
0.667007094139094	0.13801467946161	0
0.673555414964526	0.213047239745737	0
0.676717073403901	0.184463420570586	0
0.676441818639337	0.164296162226187	0
0.676511018361989	0.149695020746681	0
0.676011091058611	0.134801199194192	0
0.682334203618055	0.216409157988543	0
0.682513284112432	0.196977176880852	0
0.683008586369715	0.134972408018487	0
0.685656629089853	0.174051498491418	0
0.685560168870399	0.153004597564741	0
0.687089482741001	0.143303425537362	0
0.691374832838304	0.221516726608626	0
0.69109957807374	0.201349468264226	0
0.691623182954043	0.187468855393671	0
0.695082911565065	0.166205189633641	0
0.693944344358039	0.147583877732217	0
0.700222122227387	0.230572993168799	0
0.700126424539312	0.209365198121136	0
0.700195624261964	0.19476405664163	0
0.701183578979987	0.18192064530733	0
0.703652750901876	0.160830457108259	0
0.709244747537111	0.239479386909739	0
0.70914869581661	0.218346292703963	0
0.709217895539261	0.203745151224457	0
0.709287095261913	0.189144009744951	0
0.710277051624806	0.175878251343062	0
0.710424332317937	0.153751732538184	0
0.718030723275831	0.161284816196306	0
0.718271866335318	0.247437654580582	0
0.718175542282182	0.226362022560873	0
0.718244742004834	0.211760881081367	0
0.718313941727485	0.197159739601861	0
0.718383141450137	0.182558598122355	0
0.718423746246073	0.173990986179835	0
0.726442526228499	0.162868703484545	0
0.727293892513244	0.256470465130869	0
0.727197813559479	0.2353431171437	0
0.727267013282131	0.220741975664194	0
0.727336213004783	0.206140834184688	0
0.727405412727435	0.191539692705182	0
0.727474612450086	0.176938551225676	0
0.736250887927278	0.170204747819496	0
0.736303636489314	0.268094820272757	0
0.736208074967557	0.246858294132061	0
0.736277274690208	0.232257152652555	0
0.73634647441286	0.217656011173049	0
0.736415674135512	0.203054869693543	0
0.736484873858163	0.188453728214037	0
0.744399277592256	0.179068830373596	0
0.745307389147405	0.280983343508109	0
0.745211473593222	0.259821518209299	0
0.745280673315874	0.245220376729793	0
0.745349873038525	0.230619235250287	0
0.745419072761177	0.216018093770781	0
0.745488272483829	0.201416952291275	0
0.746362610026369	0.190811761187426	0
0.752753430664339	0.297449913373473	0
0.75431125217188	0.270751733296828	0
0.754318385853598	0.250943365362648	0
0.754387585576249	0.236342223883142	0
0.754456785298901	0.221741082403636	0
0.753877653307202	0.208697909029444	0
0.755142755879845	0.192921310072549	0
0.75282481564139	0.183550613319971	0
0.758623234326812	0.314302860181947	0
0.761909315499205	0.287390127855166	0
0.763284039175999	0.261642611347998	0
0.763418435331562	0.243513259604873	0
0.763487635054214	0.228912118125367	0
0.763223653680646	0.215060175799223	0
0.763883944852421	0.199628260194864	0
0.765746754664435	0.328787454760144	0
0.767524933693901	0.304402267135653	0
0.769110446127141	0.201699184217958	0
0.770890067277355	0.280219200827601	0
0.772422945982155	0.343181861608369	0
0.772434626424442	0.253777273099776	0
0.772528778983143	0.233911083213784	0
0.772909817379677	0.220388916303646	0
0.771552619672391	0.208040657286565	0
0.774876041200803	0.318238856527923	0
0.777496325395831	0.294243983758531	0
0.779062238138886	0.356210410879299	0
0.780122417621808	0.269786248171219	0
0.781916379044159	0.244053818099505	0
0.780880499228961	0.226305690555243	0
0.782506228043717	0.334772216778364	0
0.78425155513946	0.31064575968787	0
0.78471449018244	0.373208846550201	0
0.78695781474748	0.286622577941029	0
0.788736955344065	0.353686489347724	0
0.789457471244159	0.267069645853456	0
0.789690024251495	0.389948991340252	0
0.790942381959393	0.243553535559152	0
0.787371833542663	0.231867117852155	0
0.791785937063324	0.332179455200299	0
0.792927077186673	0.407280944349578	0
0.792972817154865	0.313587796381212	0
0.793476786852157	0.296122205776185	0
0.79532896286309	0.372857149136253	0
0.796672905355438	0.283451317166403	0
0.795099469512913	0.514016262222021	0
0.796307824394418	0.421341410571835	0
0.797189483704603	0.353906393761066	0
0.797365351930803	0.495455152316309	0
0.797665171308566	0.440791726648776	0
0.798635885799619	0.264632512504456	0
0.799427054316975	0.250047981954045	0
0.799751552909452	0.534793899461818	0
0.799533759690172	0.472621191019595	0
0.800528823992058	0.335630136067148	0
0.799860181671936	0.570174181937856	0
0.800173782233225	0.551821471858047	0
0.801739550120402	0.394180530467686	0
0.802369300706447	0.317620575556072	0
0.802119552616513	0.302102949078454	0
0.804389373418198	0.369926855426148	0
0.804969656059781	0.282717812441361	0
0.805135634116757	0.418884831454338	0
0.805948184544315	0.511459789988869	0
0.806555534433325	0.492466982474531	0
0.806224983434922	0.453055224070845	0
0.807555085982739	0.436121632545718	0
0.806808015930698	0.587652359828957	0
0.807974085060991	0.351335327667142	0
0.807809947432132	0.266425846475723	0
0.808800680990469	0.532653148683529	0
0.809077479881076	0.474248582765505	0
0.809090361214729	0.559298636695216	0
0.808974728777745	0.542297073667624	0
0.811125512076727	0.397601851577141	0
0.811219176347791	0.377838690382658	0
0.811020164735605	0.325990124162608	0
0.810923758982678	0.304931730798719	0
0.811631928228859	0.290748043477119	0
0.813674019034182	0.420146981419641	0
0.814907032274157	0.507741248528922	0
0.814976231996809	0.493140107049416	0
0.815183831164764	0.449336682610898	0
0.815253030887416	0.434735541131392	0
0.81531593972619	0.595341806522081	0
0.815385139448842	0.580740665042575	0
0.816423135288617	0.361723542849984	0
0.816492335011269	0.347122401370479	0
0.813103121322305	0.279786353067479	0
0.817310149915334	0.522323517356796	0
0.817517749083289	0.478520092918278	0
0.817586948805941	0.463918951438772	0
0.817926656535322	0.566120650911436	0
0.817995856257974	0.55151950943193	0
0.818065055980625	0.536918367952424	0
0.819850618521168	0.40649471492498	0
0.819581730893619	0.390779991682747	0
0.819650930616271	0.376178850203241	0
0.820019554965293	0.331001618254332	0
0.816655373751759	0.312721227127097	0
0.82349241119781	0.423434597333984	0
0.82459604192604	0.511280569697072	0
0.82404940224366	0.491381519056408	0
0.824872840816647	0.452876003779048	0
0.823636682134732	0.433565436730191	0
0.824391397567179	0.593100536166114	0
0.82446059728983	0.578499394686608	0
0.826114591395341	0.364746662046637	0
0.825639566118313	0.345544247365046	0
0.827052931646073	0.528316932296589	0
0.827295130675354	0.477212937118318	0
0.828119461137722	0.458529236676787	0
0.827709430313568	0.563675743827359	0
0.829310195937521	0.404177757722791	0
0.828672629995034	0.385280615376808	0
0.832805564733723	0.422757698228773	0
0.833520010199717	0.502363591294369	0
0.833771542762594	0.444744337380377	0
0.831861863021517	0.581752598649143	0
0.834054195202905	0.372086916190243	0
0.831290590852267	0.354530965616794	0
0.835501638621106	0.528600071998723	0
0.836213145811021	0.4818908965206	0
0.835623611869619	0.464223709813278	0
0.836061477358548	0.565034125396035	0
0.836139337259005	0.548605686399614	0
0.838306499096567	0.400454592668779	0
0.836226837734754	0.385243060706388	0
0.841205128691155	0.427369859743508	0
0.842493956050866	0.511881349107366	0
0.842693866360749	0.454357918101062	0
0.844341728443085	0.537381446904513	0
0.845226733481897	0.489507907970687	0
0.8444630027045	0.473152570996638	0
0.844342776923732	0.55648022086283	0
0.844731483648647	0.404911089756903	0
0.849324008618707	0.43694049593043	0
0.847872312272516	0.42032836857144	0
0.849583528003599	0.50976920073159	0
0.849763022443582	0.45608859840677	0
0.850592071068857	0.541979384031814	0
0.850661270791509	0.527378242552308	0
0.851106036281643	0.485696733245646	0
0.850938069682115	0.468973676634284	0
0.683080077182827	0.198323685479981	0
0.597829232995658	0.186251808972504	0
0.504570670525808	0.197141823444284	0
0.502990834539315	0.197153883260974	0
0.502990834539315	0.197153883260974	0
0.453726483357453	0.258598649300531	0
0.450554751567776	0.261167390255668	0
0.539375301495417	0.186698022190063	0
0.567908827785818	0.166123974915581	0
0.623275446213218	0.150434153400868	0
0.654860106126387	0.152737578388808	0
0.684876989869754	0.152508441871683	0
0.691184273999035	0.155004823926676	0
0.74310178485287	0.200410033767487	0
0.787108055957549	0.248420164013507	0
0.787095996140859	0.250964785335263	0
0.788615533043898	0.263675832127352	0
0.775976845151954	0.263772310660878	0
0.764809454896286	0.286758321273517	0
0.791497829232996	0.322178002894356	0
0.813289917993247	0.390713941148094	0
0.8116497829233	0.403449107573565	0
0.806874095513748	0.411119150988905	0
0.83344187168355	0.471985045827303	0
0.831777616980222	0.489809454896286	0
0.833176555716353	0.527966714905933	0
0.81534008683068	0.291461649782923	0
0.818463579353594	0.299071394114809	0
0.820043415340087	0.299059334298118	0
0.826278340569223	0.316823444283647	0
0.827846116739025	0.319356005788712	0
0.849638205499276	0.387891944042451	0
0.851193921852388	0.392969126869272	0
0.845043415340087	0.357392667631452	0
0.837047756874096	0.377809937288953	0
0.827858176555716	0.316811384466956	0
0.824746743849493	0.306657018813314	0
0.834068982151471	0.339664737095996	0
0.84034008683068	0.349794983116257	0
0.849602026049204	0.395525808007718	0
0.841895803183792	0.354872165943078	0
0.827821997105644	0.324445248432224	0
0.823094548962856	0.32193680656054	0
0.793415340086831	0.2509165460685	0
0.791847563917028	0.248383984563434	0
0.827677279305355	0.354980704293295	0
0.837095996140859	0.367631452001929	0
0.815352146647371	0.288917028461167	0
0.819512783405692	0.411022672455379	0
0.841787264833575	0.377773757838881	0
0.846502653159672	0.38282682103232	0
0.833610709117222	0.436360347322721	0
0.830270139893873	0.474553786782441	0
0.834780511336227	0.522865412445731	0
0.83620356970574	0.555933429811867	0
0.829884225759768	0.55598166907863	0
0.807730342498794	0.563784370477569	0
0.797491558128317	0.390834539315002	0
0.797503617945007	0.388289917993246	0
0.796273516642547	0.314507959479016	0
0.785371442354076	0.281512301013025	0
0.763446695610227	0.240967197298601	0
0.761710082006753	0.274059334298119	0
0.764857694163049	0.276579835986493	0
0.719247467438495	0.233671008200675	0
0.722660395561988	0.18020984081042	0
0.70522190062711	0.193065605402798	0
0.687747226242161	0.213555233960444	0
0.619922817173179	0.191172214182344	0
0.635793535938254	0.175783888084901	0
0.637397491558128	0.170682585624698	0
0.58052339604438	0.171116739025567	0
0.521985045827303	0.189375301495417	0
0.499770863482875	0.209901109503136	0
0.493451519536903	0.209949348769899	0
0.482392667631452	0.210033767486734	0
0.466546068499759	0.220332850940666	0
0.455258080077183	0.268765074770863	0
0.502882296189098	0.220055475156777	0
0.520296671490593	0.212288953207911	0
0.490050651230101	0.260865894838398	0
0.556681138446695	0.201833092136999	0
0.491907863000482	0.202327544621322	0
0.472889532079112	0.215195369030391	0
0.532923299565846	0.214737095996141	0
0.534551374819103	0.204546550892426	0
0.570984081041968	0.183912204534491	0
0.643644476603956	0.185902074288471	0
0.659454896285576	0.183236854799807	0
0.637325132657984	0.185950313555234	0
0.645272551857212	0.175711529184756	0
0.593186203569706	0.165931017848529	0
0.564809454896286	0.153424987940183	0
0.58696333815726	0.145622286541245	0
0.665894838398456	0.157742402315485	0
0.669006271104679	0.167896767969127	0
0.662674867342016	0.170489628557646	0
0.589978292329957	0.176133622768934	0
0.58680656054028	0.178702363724071	0
0.583646888567294	0.178726483357453	0
0.569404245055475	0.183924264351182	0
0.569404245055475	0.183924264351182	0
0.57255185721177	0.186444766039556	0
0.501302460202605	0.220067534973468	0
0.493379160636758	0.225217076700434	0
0.488591413410516	0.23543174143753	0
0.477484322238302	0.245694645441389	0
0.475892426435118	0.248251326579836	0
0.469524843222383	0.258478051133623	0
0.612071876507477	0.181054027978775	0
0.616799324650265	0.183562469850458	0
0.586625663289918	0.21687168355041	0
0.57085142305837	0.211903039073806	0
0.615400385914134	0.14540520984081	0
0.612252773757839	0.142884708152436	0
0.640726000964785	0.135033767486734	0
0.689423540762181	0.193186203569706	0
0.724179932465026	0.192920887602509	0
0.724047274481428	0.220911722141823	0
0.730318379160637	0.231041968162084	0
0.733610709117221	0.203027013989387	0
0.72575976845152	0.192908827785818	0
0.730426917510854	0.208140376266281	0
0.742932947419199	0.236034732272069	0
0.745947901591896	0.266546068499759	0
0.767993246502653	0.281644958996623	0
0.772624216111915	0.304510371442354	0
0.783658948383984	0.30951519536903	0
0.797720694645441	0.34248673420164	0
0.803895320791124	0.372973950795948	0
0.794705740472745	0.311975397973951	0
0.728919440424505	0.192884708152436	0
0.763265798359865	0.27913651712494	0
0.791280752532562	0.367981186685962	0
0.795815243608297	0.411203569705741	0
0.808393632416787	0.423830197780994	0
0.819561022672455	0.400844187168355	0
0.827399903521467	0.413506994693681	0
0.835082006753497	0.459249879401833	0
0.815822479498312	0.52301013024602	0
0.8062831644959	0.535805595754944	0
0.806198745779064	0.553617945007236	0
0.817402315484805	0.522998070429329	0
0.812662807525326	0.523034249879402	0
0.814218523878437	0.528111432706223	0
0.837928123492523	0.525385914134105	0
0.819585142305837	0.395754944524843	0
0.807067052580801	0.37040520984081	0
0.794766039556199	0.299252291365171	0
0.790147129763628	0.273842257597685	0
0.775892426435118	0.281584659913169	0
0.769621321755909	0.271454413892909	0
0.776109503135552	0.235781476121563	0
0.76196333815726	0.220622286541244	0
0.700590931017849	0.170200192957067	0
0.700590931017849	0.170200192957067	0
0.700687409551375	0.14984322238302	0
0.700687409551375	0.14984322238302	0
0.698878437047757	0.198203087313073	0
0.720779064158225	0.243837433671008	0
0.730306319343946	0.23358658948384	0
0.730378678244091	0.218318861553304	0
0.640436565364206	0.196104679208876	0
0.638856729377713	0.196116739025567	0
0.615255668113845	0.175940665701881	0
0.453774722624216	0.248420164013507	0
0.461589483839846	0.266172214182344	0
0.467860588519055	0.276302460202605	0
0.509093101784853	0.242908827785818	0
0.509093101784853	0.242908827785818	0
0.542378195851423	0.219753979739508	0
0.539218523878437	0.219778099372889	0
0.498130728412928	0.222636275928606	0
0.485407621804149	0.240545103714424	0
0.491919922817173	0.199782923299566	0
0.512469850458273	0.19708152436083	0
0.515629522431259	0.197057404727448	0
0.52208152436083	0.16901833092137	0
0.537904003859141	0.16380849011095	0
0.558345393150024	0.184008683068017	0
0.566268692715871	0.178859141341052	0
0.57269657501206	0.155909310178485	0
0.628027013989387	0.14785335262904	0
0.643825373854317	0.147732754462132	0
0.618584177520502	0.140291847563917	0
0.662698986975398	0.165400385914134	0
0.670369030390738	0.213687891944042	0
0.676772793053546	0.195827303424988	0
0.679932465026532	0.195803183791606	0
0.739930053063193	0.202978774722624	0
0.72269657501206	0.172575976845152	0
0.735311143270622	0.177568740955138	0
0.768234442836469	0.230752532561505	0
0.76011818620357	0.276616015436565	0
0.756922334780511	0.284273999035215	0
0.791485769416305	0.324722624216112	0
0.797744814278823	0.337397491558128	0
0.802399903521467	0.355173661360347	0
0.803919440424506	0.367884708152436	0
0.810057887120116	0.406005788712012	0
0.82746020260492	0.400783888084901	0
0.834985528219971	0.47960684997588	0
0.836625663289918	0.46687168355041	0
0.835226724553787	0.428714423540762	0
0.835082006753497	0.459249879401833	0
0.833309213699952	0.499975880366618	0
0.834792571152918	0.520320791123975	0
0.819199228171732	0.477182826821032	0
0.797467438494935	0.395923781958514	0
0.791148094548963	0.395972021225277	0
0.802267245537868	0.383164495899662	0
0.800735648818138	0.372998070429329	0
0.805438977327544	0.380595754944525	0
0.808550410033767	0.390750120598167	0
0.831970574047275	0.449095513748191	0
0.831982633863965	0.446550892426435	0
0.840002411963338	0.421044380125422	0
0.838362276893391	0.433779546550892	0
0.839845634346358	0.454124457308249	0
0.841353111432706	0.469380125422093	0
0.833731307284129	0.410914134105161	0
0.815159189580318	0.329630969609262	0
0.802436082971539	0.34753979739508	0
0.8089001447178	0.316956102267245	0
0.802520501688374	0.329727448142788	0
0.805656054027979	0.334792571152918	0
0.788470815243608	0.294211287988423	0
0.786890979257115	0.294223347805113	0
0.764893873613121	0.268945972021225	0
0.763301977809937	0.271502653159672	0
0.708478051133623	0.172684515195369	0
0.692679691268693	0.172805113362277	0
0.676712493970092	0.208550410033767	0
0.653268210323203	0.155294259527255	0
0.612228654124457	0.147973950795948	0
0.590050651230101	0.160865894838398	0
0.597708634828751	0.211698022190063	0
0.640388326097443	0.2062831644959	0
0.651447178002894	0.206198745779064	0
0.622961890979257	0.216594307766522	0
0.589833574529667	0.206669078630005	0
0.53772310660878	0.201977809937289	0
0.51717317896768	0.204679208876025	0
0.49969850458273	0.225168837433671	0
0.49494693680656	0.227749638205499	0
0.48388808490111	0.227834056922335	0
0.458598649300531	0.230571635311143	0
0.493391220453449	0.222672455378678	0
0.525180897250362	0.181717317896768	0
0.553690303907381	0.166232513265798	0
0.560094066570188	0.148371924746744	0
0.530077182826821	0.148601061263869	0
0.560166425470333	0.133104196816208	0
0.640701881331404	0.140123010130246	0
0.60751326579836	0.142920887602508	0
0.632838880849011	0.132549445248432	0
0.63757838880849	0.13251326579836	0
0.665931017848529	0.150108538350217	0
0.669006271104679	0.167896767969127	0
0.68005306319344	0.170356970574047	0
0.694259527255186	0.172793053545586	0
0.720996140858659	0.198034249879402	0
0.736625663289918	0.233538350217077	0
0.741328991799325	0.241136034732272	0
0.791594307766522	0.301821032320309	0
0.793053545586107	0.327255185721177	0
0.803509406657019	0.454401833092137	0
0.818994211287988	0.520441389290883	0
0.82085142305837	0.461903039073806	0
0.814592378195851	0.44922817173179	0
0.807175590931018	0.347503617945007	0
0.76641341051616	0.281657018813314	0
0.747720694645441	0.225820067534973	0
0.722563917028461	0.200566811384467	0
0.713145200192957	0.187916063675832	0
0.711625663289918	0.175205016883743	0
0.811951278340569	0.339833574529667	0
0.816497829232996	0.380511336227689	0
0.821116739025567	0.405921369995176	0
0.822636275928606	0.418632416787265	0
0.828871201157742	0.436396526772793	0
0.824131693198263	0.436432706222865	0
0.816726965750121	0.332163531114327	0
0.769862518089725	0.220561987457791	0
0.741485769416305	0.208055957549445	0
0.717860588519054	0.192969126869272	0
0.711541244573082	0.193017366136035	0
0.728714423540762	0.236143270622286	0
0.733405692233478	0.246285576459238	0
0.76166184273999	0.284237819585142	0
0.778907380607815	0.312095996140859	0
0.70522190062711	0.193065605402798	0
0.703642064640617	0.193077665219489	0
0.683116256632899	0.190689821514713	0
0.679944524843222	0.19325856246985	0
0.681512301013025	0.195791123974916	0
0.735094066570188	0.223371924746744	0
0.772732754462132	0.281608779546551	0
0.783707187650748	0.299336710082007	0
0.786842739990352	0.304401833092137	0
0.797744814278823	0.337397491558128	0
0.805499276410998	0.367872648335745	0
0.811818620356971	0.367824409068982	0
0.838712011577424	0.359985528219971	0
0.824167872648336	0.428798842257598	0
0.822298601061264	0.48988181379643	0
0.828497346840328	0.515279787747226	0
0.83787988422576	0.535564399421129	0
0.790533043897733	0.525747708634829	0
0.805173661360347	0.436577424023155	0
0.810082006753497	0.4009165460685	0
0.805414857694163	0.385684997588036	0
0.772720694645441	0.284153400868307	0
0.702050168837434	0.195634346357935	0
0.695730824891462	0.195682585624699	0
0.713121080559576	0.193005306319344	0
0.722527737578389	0.208200675349735	0
0.791521948866377	0.317088760250844	0
0.802399903521467	0.355173661360347	0
0.816328991799325	0.416136034732272	0
0.823866377231066	0.492414375301495	0
0.826905451037144	0.517836468885673	0
0.829992764109985	0.533080077182827	0
0.825856246985046	0.405885190545104	0
0.819597202122528	0.393210323203087	0
0.807115291847564	0.360226724553787	0
0.797937771345876	0.296683550410034	0
0.766666666666667	0.22821997105644	0
0.728931500241196	0.19034008683068	0
0.675337674867342	0.165303907380608	0
0.672202122527738	0.160238784370477	0
0.672141823444284	0.172961890979257	0
0.62469850458273	0.183502170767004	0
0.558345393150024	0.184008683068017	0
0.518656536420646	0.225024119633382	0
0.51396526772793	0.21488181379643	0
0.506041968162084	0.220031355523396	0
0.493330921369995	0.235395561987458	0
0.483646888567294	0.278726483357453	0
0.464640617462615	0.289049686444766	0
0.47424023154848	0.263531114327062	0
0.512361312108056	0.219983116256633	0
0.507621804148577	0.220019295706705	0
0.502797877472262	0.237867824409069	0
0.498106608779546	0.227725518572118	0
0.50290641582248	0.214966232513266	0
0.496659430776652	0.199746743849493	0
0.514025566811384	0.202158707187651	0
0.528256150506512	0.199505547515678	0
0.553642064640617	0.176410998552822	0
0.580499276410999	0.176205981669079	0
0.58680656054028	0.178702363724071	0
0.588374336710082	0.181234925229137	0
0.589954172696575	0.181222865412446	0
0.656391702846117	0.162904003859141	0
0.668982151471298	0.172986010612639	0
0.678424987940183	0.180547515677762	0
0.694187168355041	0.188060781476122	0
0.705282199710565	0.180342498794018	0
0.669030390738061	0.162807525325615	0
0.665882778581765	0.160287023637241	0
0.681693198263386	0.157621804148577	0
0.706934394597202	0.165062711046792	0
0.717884708152436	0.18787988422576	0
0.719500723589001	0.180233960443801	0
0.743005306319344	0.220767004341534	0
0.755475156777617	0.25629522431259	0
0.766449589966233	0.274023154848046	0
0.777424023154848	0.291751085383502	0
0.785407621804149	0.273878437047757	0
0.81043174143753	0.327122527737578	0
0.813736131210806	0.296562952243126	0
0.816775205016884	0.321985045827303	0
0.821309696092619	0.365207428847082	0
0.822708634828751	0.403364688856729	0
0.82592860588519	0.390617462614568	0
0.818234442836469	0.347419199228172	0
0.824143753014954	0.43388808490111	0
0.833490110950314	0.46180656054028	0
0.831994693680656	0.444006271104679	0
0.813398456343464	0.367812349252291	0
0.791666666666667	0.286553304389773	0
0.753943560057887	0.246128798842258	0
0.742872648335745	0.248757838880849	0
0.705318379160637	0.172708634828751	0
0.669006271104679	0.167896767969127	0
0.697298601061264	0.198215147129763	0
0.695670525808008	0.208405692233478	0
0.649987940183309	0.180764592378196	0
0.602568740955137	0.186215629522431	0
0.640508924264351	0.180836951278341	0
0.691196333815726	0.15246020260492	0
0.741534008683068	0.197877472262421	0
0.746056439942113	0.243644476603956	0
0.801097443318862	0.296659430776652	0
0.817957067052581	0.405945489628558	0
0.824155812831645	0.431343463579354	0
0.825639170284611	0.45168837433671	0
0.825530631934394	0.474589966232513	0
0.81917510853835	0.482272069464544	0
0.814158224794983	0.540834539315002	0
0.836589483839846	0.474505547515678	0
0.833465991316932	0.466895803183792	0
0.827399903521467	0.413506994693681	0
0.829040038591413	0.40077182826821	0
0.828907380607815	0.428762662807525	0
0.816461649782923	0.388145200192957	0
0.786722141823444	0.329848046309696	0
0.687747226242161	0.213555233960444	0
0.607477086348287	0.150554751567776	0
0.601109503135552	0.160781476121563	0
0.539375301495417	0.186698022190063	0
0.529860106126387	0.194404245055475	0
0.529860106126387	0.194404245055475	0
0.506005788712012	0.227665219488664	0
0.53129522431259	0.224927641099855	0
0.485443801254221	0.232911239749156	0
0.59157018813314	0.173576941630487	0
0.599469368065605	0.173516642547033	0
0.60736854799807	0.173456343463579	0
0.593270622286541	0.148118668596237	0
0.607501205981669	0.145465508924264	0
0.60905692233478	0.150542691751085	0
0.549023154848046	0.151000964785335	0
0.63435841775205	0.145260492040521	0
0.658007718282682	0.155258080077183	0
0.71947660395562	0.185323203087313	0
0.68634828750603	0.175397973950796	0
0.687891944042451	0.183019778099373	0
0.722455378678244	0.22346840328027	0
0.722455378678244	0.22346840328027	0
0.736637723106609	0.230993728895321	0
0.783863965267728	0.26625663289918	0
0.782235890014472	0.276447178002894	0
0.80092860588519	0.332284129281235	0
0.821249397009165	0.377930535455861	0
0.825820067534973	0.413519054510371	0
0.828859141341051	0.438941148094549	0
0.828883260974433	0.433851905451037	0
0.2343009138539	0.430210822902553	1
0.234398565528634	0.409606319533746	1
0.234467765251285	0.39500517805424	1
0.234536964973937	0.380404036574734	1
0.234432707871132	0.367626279192173	1
0.236319164206433	0.451480076617707	1
0.236647488431655	0.498123685343933	1
0.236551763510316	0.476921636514877	1
0.23715330545199	0.465916307069855	1
0.237835267220892	0.3551423796165	1
0.239370842018782	0.519656182592767	1
0.239781106328122	0.337626867235493	1
0.240702350764172	0.317124321600972	1
0.242824117875231	0.532903106469593	1
0.243661666288722	0.43183345706899	1
0.243454006920921	0.41158851985367	1
0.243523206643573	0.396987378374164	1
0.243592406366225	0.382386236894658	1
0.244297303081904	0.368893053508958	1
0.245269463074435	0.300214818918693	1
0.244892331734715	0.281982014515334	1
0.244707923052326	0.268728237387739	1
0.245454546120512	0.453154829732237	1
0.245738320166576	0.496996418866278	1
0.245617499076222	0.476731766201486	1
0.246661557040461	0.465091572193524	1
0.247434706668996	0.54973604385268	1
0.247982568644321	0.356146859318643	1
0.248676806741239	0.256257923125582	1
0.249798131828565	0.3315383841766	1
0.252229022381898	0.234799497486914	1
0.25135198014629	0.525316480252956	1
0.252654193108917	0.424429575510673	1
0.25255863158716	0.403193049369978	1
0.252627831309811	0.388591907890471	1
0.253614713718083	0.375974753913809	1
0.254025605794196	0.308941529288885	1
0.253930044272439	0.287705003148189	1
0.25491692668071	0.275087849171526	1
0.254569778771358	0.446979536813441	1
0.254761639207855	0.501398539750982	1
0.254666077686098	0.480162013610286	1
0.254735277408749	0.46556087213078	1
0.254776168153953	0.45693292489289	1
0.255302655221313	0.561124191283265	1
0.257260752741342	0.358691651365259	1
0.258008983479852	0.257808975494916	1
0.259082474758172	0.222087349094332	1
0.259381650230218	0.334119884499824	1
0.260347944091009	0.53984842200981	1
0.261170065254871	0.520595883371958	1
0.261719356776288	0.424360375788022	1
0.261623795254531	0.403123849647326	1
0.261692994977182	0.38852270816782	1
0.262926906914855	0.37656733270762	1
0.263179609473467	0.237859577925645	1
0.263090769461567	0.308872329566233	1
0.26299520793981	0.287635803425537	1
0.263982090348081	0.275018649448875	1
0.26363494243873	0.446910337090789	1
0.263827402007024	0.501202923218984	1
0.263731813252003	0.479972143296895	1
0.263801012974655	0.465371001817389	1
0.263844477263262	0.45620003692117	1
0.264299817429628	0.575403299421427	1
0.265562937042446	0.557285104505591	1
0.266327803673876	0.358224238693166	1
0.267201843352596	0.258568381289648	1
0.26766304377686	0.213522600899681	1
0.268450514417517	0.333269875072386	1
0.269755921513134	0.188104418609264	1
0.269416103417369	0.539147138240427	1
0.270238374364181	0.519862995400237	1
0.270787516102648	0.423659092018638	1
0.270691818414573	0.402451296970976	1
0.270761018137225	0.38785015549147	1
0.271993867977619	0.376118882556929	1
0.272247132222292	0.237292612016192	1
0.272330250525522	0.308868165600238	1
0.272056940215975	0.288290627247324	1
0.272576923072227	0.275174261451453	1
0.272410039902701	0.445626633844186	1
0.272701098130097	0.500133368111757	1
0.272798692614977	0.479540931802024	1
0.272867892337629	0.464939790322518	1
0.274010545609183	0.455679990520636	1
0.273103085609864	0.589194040252866	1
0.273200737284598	0.568589536884059	1
0.274627052229171	0.557437134199296	1
0.275844547955582	0.17303351365369	1
0.275398000048349	0.357093137772005	1
0.276273297903845	0.257171805068859	1
0.276756461238487	0.211849746086952	1
0.277411161525174	0.3322401360177	1
0.278743709855729	0.188170154525409	1
0.278327350125873	0.538848411126019	1
0.279018089175614	0.519648493734695	1
0.279696875545988	0.423758577853671	1
0.279752978792204	0.403226791383502	1
0.279822178514856	0.388625649903996	1
0.280808631999226	0.376098998870388	1
0.281113739867282	0.235648725422973	1
0.281236883919182	0.307472847556225	1
0.281128966665758	0.286773380435796	1
0.281833609204311	0.273333828423758	1
0.281858423246272	0.443358096183101	1
0.281363016140925	0.602537004956887	1
0.281811241617191	0.499725006973324	1
0.281862140586745	0.479833743851591	1
0.281931340309397	0.465232602372085	1
0.283015945879718	0.45373086499928	1
0.281908400823743	0.576332852405791	1
0.283236913175913	0.559251792077772	1
0.284738827512062	0.167692854110115	1
0.284286075334571	0.359613580397496	1
0.285227191562634	0.258845573360497	1
0.285842125461652	0.213861035473992	1
0.286020472019577	0.193617914789016	1
0.286214161344292	0.334357498996083	1
0.287537144209245	0.540968199339992	1
0.287441010788953	0.519852343790036	1
0.288331908305719	0.615571964675277	1
0.288200559324699	0.410728788151148	1
0.288874760414472	0.391211203177618	1
0.289862000259327	0.378518630081743	1
0.290325397867298	0.238550256841938	1
0.290554908008511	0.311247477212426	1
0.290172398188825	0.291289663161253	1
0.290485741395774	0.277338255606578	1
0.2866300586673	0.430143195900871	1
0.290614884254801	0.587085171215908	1
0.290825291853058	0.501289160752137	1
0.287628212242518	0.480352837087901	1
0.287693218042585	0.46663661327382	1
0.286900566674029	0.460006021667013	1
0.286969766396681	0.445404880187507	1
0.292868297779646	0.180033876792829	1
0.292138513862471	0.561091875611919	1
0.293874221148285	0.159357132104166	1
0.293857914190469	0.362589464513113	1
0.293551289109244	0.343415812589899	1
0.294385145767197	0.260932574086833	1
0.295231917239698	0.215870140255846	1
0.294727998938516	0.199458056836625	1
0.295825758175127	0.330080921186854	1
0.296646643629657	0.531544155725709	1
0.297461387983258	0.513848124052933	1
0.297052854988599	0.619713589360926	1
0.297595069265653	0.599146393293728	1
0.293801666287565	0.394914246187285	1
0.296368346909555	0.374984726063599	1
0.299266964169077	0.233875390017025	1
0.299544614179268	0.304678436937872	1
0.29927130386972	0.284100898584958	1
0.300272626715983	0.268436812192118	1
0.300164196342484	0.578700671198545	1
0.301908629010659	0.185204321141771	1
0.300778780747954	0.560113381048817	1
0.300810497287503	0.546176189938542	1
0.301855177191398	0.162736201742877	1
0.298519829195635	0.35572203963092	1
0.303478723260081	0.254143557054379	1
0.304465824615781	0.210880729237061	1
0.301133691446705	0.325837195771207	1
0.306432293240532	0.152580382295273	1
0.305030231810468	0.524068409884903	1
0.306663378374963	0.626186010173101	1
0.305971095199179	0.609245231789727	1
0.306040294921831	0.594644090310221	1
0.308462756189903	0.23692831895754	1
0.304521332414699	0.306565073012713	1
0.307072285826996	0.289953994134369	1
0.308375928535959	0.275705428101266	1
0.309288923696092	0.579863536090522	1
0.31091951081159	0.193029647247767	1
0.309830314166924	0.562920163738796	1
0.309562046096121	0.547074714023262	1
0.310318831256596	0.536433071196166	1
0.311652291246834	0.172909921981206	1
0.312307510998375	0.262040132584868	1
0.313187474304702	0.216809437942687	1
0.315400558232907	0.152934254045021	1
0.315461841675846	0.629197025856328	1
0.315032827475344	0.609900055611513	1
0.315102027197996	0.595298914132007	1
0.317486844086075	0.245526106958018	1
0.316940935162934	0.226609336904822	1
0.317470330515896	0.269466944427046	1
0.319850468956243	0.20195780944403	1
0.319145889961971	0.572804016044104	1
0.318592895851433	0.554245749744993	1
0.317884847339387	0.541355957439561	1
0.320799236404612	0.182335601686168	1
0.320891610237957	0.165817031061766	1
0.324235494613648	0.151913548604266	1
0.324506146096676	0.633529127153814	1
0.32407740279548	0.614174997155491	1
0.324146602518132	0.599573855675986	1
0.324378507373795	0.585417937205441	1
0.324963210080847	0.253389629571024	1
0.325854291541586	0.239251471727184	1
0.325923491264237	0.224650330247678	1
0.32663728417934	0.209280048783805	1
0.32814029038292	0.562244804244639	1
0.326990347555048	0.546023748341726	1
0.33009155506448	0.194132546095389	1
0.329454964713611	0.175029553918144	1
0.329983335415033	0.160143352791425	1
0.333240361112218	0.150867412742019	1
0.333232926431272	0.636439851327406	1
0.333136275578974	0.615433173930977	1
0.333205475301625	0.600832032451471	1
0.333274675024277	0.586230890971965	1
0.334267776829109	0.572301444321008	1
0.333725188094681	0.230352587558664	1
0.335022396945133	0.217461565671383	1
0.336281279062144	0.554621544271889	1
0.33904954756305	0.198492930401763	1
0.338500683830815	0.179063154280643	1
0.338569883553467	0.164462012801137	1
0.342669010290339	0.155571036229659	1
0.342715734889395	0.64208761714749	1
0.342163122044546	0.623448903787886	1
0.342232321767197	0.60884776230838	1
0.342301521489849	0.594246620828874	1
0.342370721212501	0.579645479349368	1
0.342439349036618	0.565165008460602	1
0.342936165463354	0.211936699030772	1
0.347609693052483	0.192926546650887	1
0.347581860657147	0.175615178017279	1
0.348573246766376	0.162047743138541	1
0.348357109970301	0.558517668396719	1
0.351495991415828	0.645139814207398	1
0.351220851030971	0.624948421744851	1
0.351290050753622	0.610347280265345	1
0.351359250476274	0.595746138785839	1
0.351428450198926	0.581144997306333	1
0.352171632344264	0.569233589950116	1
0.353321815613186	0.18164489489737	1
0.353186823729983	0.16665817466021	1
0.357280973849802	0.563422719575822	1
0.360692634556237	0.648901398557032	1
0.360263710655504	0.629585375061048	1
0.360332910378155	0.614984233581542	1
0.360402110100807	0.600383092102036	1
0.360471309823459	0.58578195062253	1
0.360765429069676	0.573402798348405	1
0.369204200442395	0.655822364119655	1
0.369273400165046	0.641221222640149	1
0.369342599887698	0.626620081160643	1
0.36941179961035	0.612018939681137	1
0.369480999333001	0.597417798201631	1
0.369550199055653	0.582816656722125	1
0.369616253336366	0.568879203491688	1
0.378269364109766	0.655753164397004	1
0.378338563832417	0.641152022917498	1
0.378407763555069	0.626550881437992	1
0.378476963277721	0.611949739958486	1
0.378546163000372	0.59734859847898	1
0.378840336713117	0.576677952321353	1
0.374560888064023	0.568841458188423	1
0.387334527777137	0.655683964674352	1
0.387403727499788	0.641082823194846	1
0.38747292722244	0.62648168171534	1
0.387542126945092	0.611880540235834	1
0.387611326667744	0.597279398756328	1
0.387710408088813	0.576373218910672	1
0.396399691444508	0.6556147649517	1
0.39646889116716	0.641013623472194	1
0.396538090889811	0.626412481992688	1
0.396607290612463	0.611811340513182	1
0.396676490335115	0.597210199033676	1
0.396775571756184	0.57630401918802	1
0.405534054834531	0.640944423749543	1
0.405603254557182	0.626343282270036	1
0.405672454279834	0.611742140790531	1
0.405741654002486	0.597140999311024	1
0.405841021372822	0.576174484169998	1
0.414605509385779	0.639547847528754	1
0.414674709108431	0.624946706049248	1
0.414743908831082	0.610345564569742	1
0.414813108553734	0.595744423090236	1
0.414321209825934	0.579156572090824	1
0.417256243206242	0.563243095777837	1
0.42360433282317	0.65347643633191	1
0.423673532545822	0.638875294852404	1
0.423742732268473	0.624274153372898	1
0.423811931991125	0.609673011893392	1
0.423881131713777	0.595071870413886	1
0.423950331436428	0.58047072893438	1
0.425996596306747	0.561673913430661	1
0.432688369142173	0.649425107114847	1
0.432757568864825	0.634823965635341	1
0.432826768587477	0.620222824155835	1
0.432895968310128	0.605621682676329	1
0.43296516803278	0.591020541196823	1
0.435248802872481	0.577312133329377	1
0.433996962347824	0.558059472992878	1
0.439698272451862	0.550508249848634	1
0.441779840142123	0.643805060218168	1
0.441849039864774	0.629203918738662	1
0.441918239587426	0.614602777259156	1
0.441987439310078	0.600001635779651	1
0.444268962524421	0.586738780862628	1
0.443777481722472	0.570062747508445	1
0.448437183891479	0.5528657585817	1
0.451431859690087	0.640287752255568	1
0.450933648082312	0.62503191893086	1
0.451002847804964	0.610430777451354	1
0.453295896974383	0.59473594601327	1
0.45279975299977	0.579043842091272	1
0.457348470542102	0.563184605536072	1
0.456782965016407	0.54588624759412	1
0.459914742665139	0.642701296046947	1
0.459983942387791	0.628100154567441	1
0.460053142110443	0.613499013087935	1
0.462334929277955	0.60018046405211	1
0.461843184522837	0.58356012481673	1
0.465843434170809	0.544846537133739	1
0.466789963869998	0.572202362899938	1
0.465005974050424	0.553771645860049	1
0.468995347592936	0.639373990374323	1
0.469064547315588	0.624772848894817	1
0.471348798046018	0.610934488083498	1
0.470855733525052	0.594592619442133	1
0.474600021312348	0.541468025042349	1
0.475815416332893	0.580512227321776	1
0.47513067506903	0.561980105523021	1
0.478089678085558	0.633150590523946	1
0.480369441612103	0.620259029732277	1
0.479878576700884	0.60345304343422	1
0.483279493884853	0.53997963187354	1
0.484069449160318	0.588579106353848	1
0.48413864888297	0.573977964874342	1
0.484207848605622	0.559376823394836	1
0.488807056618554	0.632224114898361	1
0.488876256341206	0.617622973418855	1
0.488945456063858	0.603021831939349	1
0.492677555918287	0.551195044998098	1
0.493895416596615	0.590992839861567	1
0.493211247231287	0.572340047472073	1
0.491900551107067	0.55909687906229	1
0.497896240024366	0.627086750364641	1
0.497965439747018	0.612485608885135	1
0.502713112619458	0.596046804908611	1
0.502591908256753	0.578150917846368	1
0.501003460077703	0.562655422375621	1
0.50537128066698	0.614773448121753	1
0.507932868668688	0.595918470877511	1
0.508026707686526	0.576118438113636	1
0.297443318861553	0.234346357935359	1
0.273673420164013	0.249794983116257	1
0.262397491558128	0.295682585624698	1
0.257489146164978	0.331343463579354	1
0.254040038591413	0.392438494934877	1
0.253895320791124	0.422973950795948	1
0.272383019778099	0.522069464544139	1
0.284864930053063	0.555053063193439	1
0.336830680173661	0.590279787747226	1
0.358839845634346	0.613012542209358	1
0.338265798359865	0.620803183791606	1
0.275132657983599	0.608562469850458	1
0.282995658465991	0.616136034732272	1
0.292462614568259	0.618608297153883	1
0.306644958996623	0.626133622768934	1
0.336637723106609	0.630993728895321	1
0.33342981186686	0.641196333815726	1
0.317667631452002	0.633683068017366	1
0.354003859141341	0.633405692233478	1
0.358695127834057	0.643547998070429	1
0.385648818137964	0.622986010612639	1
0.42208152436083	0.602351664254703	1
0.42515677761698	0.620139893873613	1
0.418801254220936	0.627821997105644	1
0.410865894838399	0.635516160154366	1
0.423576941630487	0.620151953690304	1
0.414085865894838	0.622768933912204	1
0.393596237337192	0.612747226242161	1
0.396647370959961	0.635624698504583	1
0.440894838398456	0.632742402315485	1
0.440906898215147	0.630197780993729	1
0.455270139893874	0.599553786782441	1
0.466341051616015	0.596924746743849	1
0.491678726483358	0.584008683068017	1
0.489978292329957	0.609466956102267	1
0.475783888084901	0.604486251808972	1
0.469404245055475	0.617257597684515	1
0.471044380125422	0.604522431259045	1
0.464785335262904	0.591847563917028	1
0.461601543656536	0.596960926193922	1
0.423697539797395	0.594705740472745	1
0.423685479980704	0.597250361794501	1
0.460106126386879	0.579160636758321	1
0.468029425952726	0.574011095031355	1
0.486951278340569	0.581500241196334	1
0.493258562469851	0.583996623251327	1
0.501181862035697	0.578847081524361	1
0.483839845634346	0.571345875542692	1
0.48068017366136	0.571369995176073	1
0.442727930535456	0.57929329474192	1
0.426857211770381	0.594681620839363	1
0.456801736613604	0.609720212252774	1
0.456717317896768	0.627532561505065	1
0.420453449107574	0.612542209358418	1
0.415726000964785	0.610033767486734	1
0.409406657018813	0.610082006753497	1
0.395164013506995	0.615279787747226	1
0.37776169802219	0.620501688374337	1
0.355487216594308	0.653750602990834	1
0.352327544621322	0.653774722624216	1
0.339773275446213	0.636058851905451	1
0.305185721177038	0.600699469368066	1
0.371575012059817	0.592559093101785	1
0.381054027978775	0.59248673420164	1
0.419054510371442	0.57438494934877	1
0.366787264833575	0.602773757838881	1
0.354184756391703	0.595236372407139	1
0.291184273999035	0.555004823926676	1
0.281729377713459	0.549987940183309	1
0.283381572600096	0.534708152436083	1
0.262759286058852	0.552677279305355	1
0.26732995658466	0.588265798359865	1
0.257935359382537	0.570525808007718	1
0.257935359382537	0.570525808007718	1
0.261022672455379	0.585769416304872	1
0.240677761698022	0.545212252773758	1
0.240701881331404	0.540123010130246	1
0.25951519536903	0.570513748191027	1
0.264218523878437	0.578111432706223	1
0.267691751085383	0.511927158707188	1
0.27086348287506	0.50935841775205	1
0.286625663289918	0.51687168355041	1
0.379474191992282	0.592498794018331	1
0.450554751567776	0.594500723589001	1
0.477544621321756	0.566304872165943	1
0.479100337674867	0.571382054992764	1
0.479052098408104	0.581560540279788	1
0.448999035214665	0.58942354076218	1
0.442679691268693	0.589471780028944	1
0.365376266280752	0.567161119150989	1
0.349577906415822	0.567281717317897	1
0.291341051616015	0.521924746743849	1
0.270996140858659	0.481367583212735	1
0.268077665219489	0.430499276410998	1
0.267908827785818	0.466123974915581	1
0.26011818620357	0.443282682103232	1
0.253955619874578	0.410250844187168	1
0.250723589001447	0.425542691751085	1
0.260311143270622	0.402568740955137	1
0.261903039073806	0.400012059816691	1
0.268463579353594	0.349071394114809	1
0.262011577424023	0.377110467920888	1
0.261999517607332	0.379655089242643	1
0.278304389773275	0.272660395561988	1
0.278292329956585	0.275205016883743	1
0.289628557645924	0.216594307766522	1
0.276784852870236	0.259949348769899	1
0.270381090207429	0.277809937288953	1
0.281536420646406	0.25736854799807	1
0.276724553786782	0.272672455378678	1
0.321297636275929	0.201085383502171	1
0.300844187168355	0.18342981186686	1
0.29922817173179	0.191075735648818	1
0.313470815243608	0.185877954655089	1
0.318210323203087	0.185841775205017	1
0.319910757356488	0.160383502170767	1
0.288145200192957	0.196249397009165	1
0.265870718765075	0.229498311625663	1
0.244995176073324	0.300904486251809	1
0.24324650265316	0.336541244573082	1
0.240002411963338	0.354377713458755	1
0.233827785817656	0.323890496864448	1
0.233731307284129	0.344247467438495	1
0.230463096960926	0.36717317896768	1
0.22730342498794	0.367197298601061	1
0.231982633863965	0.379884225759768	1
0.228810902074288	0.382452966714906	1
0.224023154848046	0.392667631452002	1
0.22070670525808	0.42577182826821	1
0.222262421611192	0.430849011095031	1
0.225265315967197	0.463904968644477	1
0.228364688856729	0.476603955619875	1
0.228364688856729	0.476603955619875	1
0.231415822479498	0.499481427882296	1
0.230028943560058	0.458779546550892	1
0.236493005306319	0.428195851423058	1
0.236517124939701	0.423106608779546	1
0.230270139893874	0.407887120115774	1
0.228714423540762	0.402809937288953	1
0.241534008683068	0.364544138929088	1
0.249662325132658	0.316136034732272	1
0.244898697539797	0.321261456825856	1
0.246454413892909	0.326338639652677	1
0.246514712976363	0.313615533043898	1
0.258297153883261	0.494187168355041	1
0.259804630969609	0.509442836468886	1
0.259708152436083	0.529799807042933	1
0.244428364688857	0.420501688374337	1
0.244753979739508	0.351796912686927	1
0.246382054992764	0.341606367583213	1
0.265014471780029	0.410166425470333	1
0.274650265315967	0.377013989387361	1
0.273094548962856	0.37193680656054	1
0.279703328509407	0.310817655571635	1
0.275084418716835	0.285407621804149	1
0.278111432706223	0.313374336710082	1
0.292764109985528	0.221659430776652	1
0.289483839845634	0.247129763627593	1
0.30705499276411	0.2062831644959	1
0.326157742402315	0.175602990834539	1
0.329269175108538	0.185757356488181	1
0.265159189580318	0.379630969609262	1
0.26503859141341	0.405077182826821	1
0.261601543656536	0.463627592860588	1
0.227062228654124	0.418089725036179	1
0.230149541726966	0.433333333333333	1
0.23328509406657	0.438398456343464	1
0.249095513748191	0.4357332368548	1
0.248745779064158	0.509527255185721	1
0.25030149541727	0.514604438012542	1
0.269066570188133	0.555173661360347	1
0.269066570188133	0.555173661360347	1
0.278509406657019	0.56273516642547	1
0.297322720694645	0.593125904486252	1
0.30522190062711	0.593065605402798	1
0.330451037144235	0.603051133622769	1
0.37791847563917	0.58742161119151	1
0.294512783405692	0.519356005788712	1
0.310299083453932	0.52178002894356	1
0.341763145200193	0.549529667149059	1
0.387445730824891	0.577170767004341	1
0.391980221900627	0.620393150024119	1
0.38726483357453	0.61534008683068	1
0.387252773757839	0.617884708152436	1
0.387204534491076	0.62806319343946	1
0.377580800771828	0.658671008200675	1
0.388663772310661	0.653497346840328	1
0.41548480463097	0.660926193921852	1
0.428159671972986	0.653195851423058	1
0.44570670525808	0.617438494934877	1
0.448938736131211	0.60214664737096	1
0.395224312590449	0.602556681138447	1
0.313157260009648	0.585371442354076	1
0.292764109985528	0.554992764109985	1
0.269247467438495	0.517004341534009	1
0.26150506512301	0.483984563434636	1
0.272648335745297	0.466087795465509	1
0.27255185721177	0.486444766039556	1
0.280330438977328	0.511830680173661	1
0.280173661360347	0.544910757356488	1
0.284804630969609	0.567776169802219	1
0.29739507959479	0.577858176555716	1
0.321092619392185	0.577677279305354	1
0.289628557645924	0.549927641099855	1
0.256777616980222	0.481476121562952	1
0.26166184273999	0.450904486251809	1
0.261710082006753	0.440726000964785	1
0.263362276893391	0.425446213217559	1
0.271960926193922	0.277797877472262	1
0.278256150506512	0.282838880849011	1
0.278292329956585	0.275205016883743	1
0.288048721659431	0.216606367583213	1
0.291172214182345	0.224216111915099	1
0.283417752050169	0.193740955137482	1
0.283405692233478	0.196285576459238	1
0.311939218523879	0.175711529184756	1
0.267426435118186	0.234575494452484	1
0.249626145682586	0.32376989869754	1
0.239942112879884	0.367100820067535	1
0.238410516160154	0.356934394597202	1
0.230499276410999	0.359539315002412	1
0.249770863482875	0.293234442836469	1
0.259479015918958	0.244814278822962	1
0.281403762662808	0.285359382537385	1
0.284129281234925	0.376941630487216	1
0.253702363724071	0.463687891944042	1
0.262059816690786	0.366931982633864	1
0.260371442354076	0.389845634346358	1
0.252170767004342	0.45352146647371	1
0.249807042932947	0.285600578871201	1
0.265701881331404	0.265123010130246	1
0.273444283646889	0.298142788229619	1
0.273408104196816	0.305776652194887	1
0.278135552339605	0.30828509406657	1
0.299421128798842	0.150361794500723	1
0.31196333815726	0.170622286541245	1
0.318198263386397	0.188386396526773	1
0.305788712011577	0.140135069946937	1
0.313712011577424	0.134985528219971	1
0.320031355523396	0.134937288953208	1
0.329462132175591	0.145043415340087	1
0.348323685479981	0.165255668113845	1
0.343306801736614	0.223818137964303	1
0.282778581765557	0.328605885190545	1
0.281054027978775	0.359153400868307	1
0.305306319343946	0.241919922817173	1
0.332682103232031	0.132296189097926	1
0.335817655571635	0.137361312108056	1
0.342076700434153	0.150036179450072	1
0.349927641099855	0.160154365653642	1
0.303871201157742	0.211396526772793	1
0.278039073806078	0.328642064640617	1
0.270007235890015	0.356693198263386	1
0.264845634346358	0.445791123974916	1
0.342136999517607	0.137313072841293	1
0.346816208393632	0.15	1
0.294090689821515	0.275084418716835	1
0.278087313072841	0.318463579353594	1
0.274421128798842	0.425361794500724	1
0.272214182344428	0.557694163048721	1
0.319356005788712	0.610769416304872	1
0.382489146164978	0.62301013024602	1
0.445718765074771	0.614893873613121	1
0.49479015918958	0.594163048721659	1
0.480535455861071	0.601905451037144	1
0.396731789676797	0.617812349252291	1
0.297262421611191	0.605849011095031	1
0.346128798842258	0.62837674867342	1
0.328690303907381	0.641232513265798	1
0.303449107573565	0.633791606367583	1
0.314495899662325	0.636251808972504	1
0.360262904003859	0.646080559575494	1
0.374481427882296	0.645972021225277	1
0.401338639652677	0.645767004341534	1
0.414158224794983	0.607501205981669	1
0.419006271104679	0.584563434635794	1
0.48849493487699	0.589122045344911	1
0.490014471780029	0.601833092136999	1
0.455149541726966	0.625	1
0.292981186685962	0.509189580318379	1
0.281970574047274	0.499095513748191	1
0.263301977809937	0.438169319826339	1
0.275952725518572	0.435528219971056	1
0.252074288470815	0.473878437047757	1
0.234647853352629	0.484189580318379	1
0.268572117703811	0.326169802219006	1
0.268234442836469	0.397419199228172	1
0.265050651230101	0.402532561505065	1
0.232585624698505	0.252653159671973	1
0.237373371924747	0.242438494934877	1
0.232465026531597	0.278099372889532	1
0.232223830197781	0.32899179932465	1
0.243547998070429	0.272925711529185	1
0.23236854799807	0.298456343463579	1
0.22913651712494	0.313748191027496	1
0.232392667631452	0.293367100820068	1
0.246852387843705	0.242366136034732	1
0.235407621804149	0.323878437047757	1
0.237011577424023	0.318777134587554	1
0.249951760733237	0.25506512301013	1
0.26119150988905	0.216811384466956	1
0.256548480463097	0.196490593342981	1
0.259732272069464	0.191377231066088	1
0.251676314520019	0.224517607332368	1
0.273323685479981	0.323589001447178	1
0.273130728412928	0.364302942595272	1
0.23604679208876	0.522346840328027	1
0.245429329474192	0.54263145200193	1
0.245332850940666	0.562988422575977	1
0.246840328027014	0.578244090689821	1
0.249987940183309	0.580764592378196	1
0.275132657983599	0.608562469850458	1
0.275108538350217	0.61365171249397	1
0.261022672455379	0.585769416304872	1
0.235926193921852	0.547793053545586	1
0.267305836951278	0.593355041003377	1
0.271997105643994	0.603497346840328	1
0.271997105643994	0.603497346840328	1
0.254691268692716	0.588362276893391	1
0.265617462614568	0.616268692715871	1
0.265617462614568	0.616268692715871	1
0.271888567293777	0.626398938736131	1
0.259394597202123	0.595959961408586	1
0.259370477568741	0.601049204052098	1
0.268740955137482	0.623878437047757	1
0.268740955137482	0.623878437047757	1
0.275048239266763	0.62637481910275	1
0.293958031837916	0.636408586589484	1
0.293958031837916	0.636408586589484	1
0.2955499276411	0.633851905451037	1
0.308164495899662	0.638844669561023	1
0.315979257115292	0.65659671972986	1
0.315967197298601	0.659141341051616	1
0.33022190062711	0.651398938736131	1
0.330233960443801	0.648854317414375	1
0.306560540279788	0.643945972021225	1
0.301833092136999	0.641437530149542	1
0.31763145200193	0.641316931982634	1
0.344464544138929	0.646201157742402	1
0.290894838398456	0.616075735648818	1
0.311360347322721	0.631186685962373	1
0.338181379643029	0.638615533043898	1
0.338096960926194	0.656427882296189	1
0.282947419199228	0.626314520019296	1
0.374638205499276	0.61289194404245	1
0.376205981669079	0.615424505547516	1
0.366606367583213	0.640943077665219	1
0.361890979257115	0.63589001447178	1
0.327050168837434	0.653967679691269	1
0.357199710564399	0.625747708634829	1
0.415701881331404	0.615123010130246	1
0.47255185721177	0.619778099372889	1
0.478931500241196	0.607006753497347	1
0.400048239266763	0.584708152436083	1
0.382633863965268	0.592474674384949	1
0.321177038109021	0.559864930053063	1
0.313434635793536	0.52684515195369	1
0.302484322238302	0.504027978774723	1
0.300952725518572	0.49386155330439	1
0.299445248432224	0.478605885190545	1
0.29479015918958	0.460829715388326	1
0.294838398456343	0.450651230101302	1
0.29801013024602	0.448082489146165	1
0.293355041003377	0.430306319343946	1
0.299662325132658	0.432802701398939	1
0.296671490593343	0.397202122527738	1
0.29815484804631	0.417547033285094	1
0.298094548962856	0.430270139893873	1
0.289025566811384	0.343825373854317	1
0.284189580318379	0.364218523878437	1
0.26333815726001	0.430535455861071	1
0.270911722141823	0.499179932465027	1
0.395224312590449	0.602556681138447	1
0.387409551374819	0.584804630969609	1
0.403256150506512	0.574505547515678	1
0.392245537867824	0.56441148094549	1
0.420622286541245	0.576917510853835	1
0.40950313555234	0.58972503617945	1
0.447310660877955	0.612337192474674	1
0.461734201640135	0.568970091654607	1
0.482223830197781	0.57899179932465	1
0.447129763627593	0.650506512301013	1
0.4455499276411	0.650518572117704	1
0.417088760250844	0.65582489146165	1
0.406029908345393	0.655909310178485	1
0.374433188615533	0.656150506512301	1
0.37285335262904	0.656162566328992	1
0.35705499276411	0.6562831644959	1
0.342836468885673	0.656391702846117	1
0.300410033767487	0.608369512783406	1
0.264339122045345	0.552665219488664	1
0.253798842257598	0.443330921369995	1
0.250904486251809	0.387373371924747	1
0.249216111915099	0.410287023637241	1
0.250795947901592	0.41027496382055	1
0.239954172696575	0.364556198745779	1
0.239785335262904	0.400180897250362	1
0.267064640617463	0.310914134105161	1
0.26549686444766	0.308381572600096	1
0.232139411480945	0.346804148576942	1
0.23052339604438	0.3544500723589	1
0.230414857694163	0.377351664254703	1
0.225892426435118	0.331584659913169	1
0.227231066087795	0.382465026531597	1
0.227267245537868	0.374831162566329	1
0.236939218523878	0.33404486251809	1
0.248070429329474	0.318692715870719	1
0.240243608297154	0.303485287023637	1
0.243162083936324	0.354353593825374	1
0.241895803183792	0.288205499276411	1
0.241980221900627	0.27039315002412	1
0.243620356970574	0.257657983598649	1
0.248408104196816	0.247443318861553	1
0.292872648335745	0.198757838880849	1
0.305547515677762	0.191027496382055	1
0.3133502170767	0.211324167872648	1
0.308478051133623	0.239351181862036	1
0.265159189580318	0.379630969609262	1
0.261842739990352	0.41273516642547	1
0.268174143753015	0.410142305836951	1
0.267932947419199	0.461034732272069	1
0.267752050168837	0.499204052098408	1
0.272358900144718	0.527158707187651	1
0.299023154848046	0.567667631452002	1
0.363627592860588	0.602797877472262	1
0.41089001447178	0.630426917510854	1
0.472600096478534	0.609599614085866	1
0.474179932465027	0.609587554269175	1
0.459901109503136	0.622419199228172	1
0.461842739990352	0.546068499758804	1
0.416099144957819	0.887430840175863	2
0.415658708194925	0.866512977260149	2
0.417231429164281	0.853448908408027	2
0.419435859722996	0.837504138980368	2
0.425057812948123	0.824962213490072	2
0.425311335568383	0.893184961875595	2
0.425036366753086	0.872957368235826	2
0.426269856575173	0.859021058802457	2
0.430780769808837	0.839408529327484	2
0.433838677055648	0.821347132874202	2
0.434350077523469	0.898690743445119	2
0.434074651189344	0.878559686277941	2
0.435309856707035	0.864261365072353	2
0.436213796807041	0.849480034704644	2
0.441278857026066	0.827758511373588	2
0.443002559208481	0.907451428332822	2
0.443071758931132	0.892850286853316	2
0.444157385748837	0.812823054350882	2
0.443965064441727	0.878242854489933	2
0.444034264164378	0.863641713010427	2
0.44410346388703	0.849040571530921	2
0.449941404125281	0.834395393864273	2
0.452067722875851	0.907382228610171	2
0.452136922598503	0.892781087130665	2
0.452509085569707	0.814254700206793	2
0.453030228109098	0.878173654767281	2
0.453099427831749	0.863572513287775	2
0.453168627554401	0.848971371808269	2
0.459006567792653	0.834326194141621	2
0.461132886543223	0.907313028887519	2
0.461202086265874	0.892711887408013	2
0.461577966577551	0.813401141644333	2
0.462095391776469	0.878104455044629	2
0.46216459149912	0.863503313565123	2
0.462233791221772	0.848902172085617	2
0.468071731460024	0.834256994418969	2
0.470198050210594	0.907243829164867	2
0.470267249933245	0.892642687685361	2
0.470446540123752	0.813412450257017	2
0.47116055544384	0.878035255321978	2
0.471229755166491	0.863434113842472	2
0.471298954889143	0.848832972362966	2
0.477755848202224	0.838828719530114	2
0.479267774768776	0.810578264776435	2
0.479270076660376	0.905726582353339	2
0.479339276383028	0.891125440873833	2
0.481623553508775	0.826455040234186	2
0.480572766205115	0.877189131440464	2
0.480303497311877	0.861554855258724	2
0.48676928682438	0.8496735043477	2
0.488170206750703	0.807999444246391	2
0.48835411297938	0.901675253136276	2
0.489392435618318	0.831629202353599	2
0.489586554320821	0.887960173119264	2
0.489317762009695	0.872225338111908	2
0.495780977978793	0.860887004859212	2
0.49735506197299	0.810827331353948	2
0.498403228075034	0.84303232807913	2
0.49667638045068	0.826517110288443	2
0.498259967492189	0.898100315398296	2
0.49832916721484	0.88349917391879	2
0.504788125717072	0.873059166174934	2
0.506223189914916	0.809949412296837	2
0.506716631119052	0.852544593850647	2
0.506785830841704	0.837943452371141	2
0.50733313773904	0.896341727405288	2
0.513171077977291	0.88169654973864	2
0.513240277699943	0.867095408259134	2
0.515434747692519	0.824272313224848	2
0.515189307904877	0.803610095762287	2
0.516344586936381	0.854104733052249	2
0.515522610370673	0.837611293702413	2
0.516401160899082	0.895669174728937	2
0.522862534084015	0.884719668935292	2
0.522958295316371	0.864514048908097	2
0.524868077849668	0.823109997537019	2
0.524264765745865	0.80136882540632	2
0.525554233541156	0.852211177005144	2
0.52400240729325	0.834991455111659	2
0.531253937733685	0.891573809324733	2
0.531323137456337	0.876972667845227	2
0.534004126297873	0.822056611499186	2
0.532601360957505	0.801604013632392	2
0.53456277925363	0.864088365765724	2
0.533938429453743	0.846786147508665	2
0.532629830290817	0.833100520266169	2
0.540338545951223	0.887401809516931	2
0.542737364493073	0.812953241558611	2
0.543579413245376	0.874258927600128	2
0.542954981745698	0.85697394799889	2
0.54302418146835	0.842372806519384	2
0.541646763848461	0.828717871164896	2
0.551439668400743	0.805505367504995	2
0.551892040141383	0.883934960601935	2
0.551961239864035	0.869333819122429	2
0.552030439586687	0.854732677642923	2
0.552099639309339	0.840131536163417	2
0.55216883903199	0.825530394683911	2
0.560325902422336	0.812950317759508	2
0.560974360764784	0.880245643157092	2
0.561043560487435	0.865644501677586	2
0.561112760210087	0.85104336019808	2
0.561181959932739	0.836442218718574	2
0.562772761694219	0.795041559983673	2
0.56984942535935	0.824653331091691	2
0.570057253286718	0.876435655121509	2
0.57012645300937	0.861834513642003	2
0.570195652732022	0.847233372162497	2
0.570260849164933	0.833476924818168	2
0.571789533947148	0.805182948708228	2
0.572040984276248	0.78517200291336	2
0.579130995432104	0.874556396537761	2
0.579200195154756	0.859955255058255	2
0.579269394877407	0.845354113578749	2
0.579338594600059	0.830752972099243	2
0.580231900110654	0.81614553973586	2
0.580301099833305	0.801544398256354	2
0.580397321761703	0.781241571364396	2
0.588202449983353	0.873159820316972	2
0.588271649706004	0.858558678837467	2
0.588340849428656	0.84395753735796	2
0.588410049151308	0.829356395878455	2
0.589643586631606	0.815410030562524	2
0.589374270080157	0.799785810263346	2
0.588748408834143	0.782802507138956	2
0.592759605582184	0.770132638925517	2
0.593946455887343	0.459441986737548	2
0.598923514084682	0.485055622279826	2
0.597301355664248	0.865971055740677	2
0.5973705553869	0.851369914261171	2
0.597439755109551	0.836768772781666	2
0.598675198918298	0.822420172163269	2
0.598405691734003	0.806836175394338	2
0.598474891456655	0.792235033914832	2
0.599402949334851	0.758702849962694	2
0.601406790567646	0.446844369223316	2
0.601718413994002	0.778531895683881	2
0.603211150868346	0.463564415197394	2
0.607665815611721	0.496116324211826	2
0.607999861545613	0.477796641272374	2
0.606392826664197	0.860351008843999	2
0.606462026386849	0.845749867364493	2
0.60769527791788	0.831863837343932	2
0.607426247315698	0.816179281749384	2
0.60749544703835	0.801578140269878	2
0.607586760170995	0.760576065485262	2
0.609720087186937	0.441998035468729	2
0.610735047985748	0.788702457518285	2
0.612292940443108	0.45998714901538	2
0.612650987222363	0.746171841777128	2
0.616510169254995	0.507862033499369	2
0.616401622913182	0.487295304028753	2
0.617104867477541	0.474150724571857	2
0.615478578678804	0.855937667854717	2
0.616712735715848	0.841860576065485	2
0.616443371506187	0.826246411648869	2
0.616512571228839	0.811645270169363	2
0.617213026533679	0.773668167398873	2
0.618760867766798	0.436614718015349	2
0.619064532988551	0.730760366165009	2
0.619756175465977	0.797924893282592	2
0.621000602166701	0.525414857694163	2
0.621300467631525	0.462143244616304	2
0.621678602176591	0.754025420527731	2
0.625730552204562	0.50478420200738	2
0.625807466537443	0.484894645551274	2
0.625405021538848	0.848018588850106	2
0.625474221261499	0.8334174473706	2
0.625543420984151	0.818816305891094	2
0.626244749186754	0.780655021692633	2
0.627196843191127	0.537564232030507	2
0.62761973038511	0.448335034100192	2
0.627670197253548	0.428026523172246	2
0.626919065718584	0.711129298816435	2
0.627953147230613	0.735404142130388	2
0.62879572624899	0.803260012159497	2
0.630246673680433	0.472270099786055	2
0.630718602308452	0.759265726797627	2
0.63180813097199	0.690938707011836	2
0.633067635822961	0.554627206067379	2
0.634225894232299	0.515128401696778	2
0.634492489249057	0.49548317534449	2
0.635385651785018	0.480905910628792	2
0.634511933799223	0.839140436003455	2
0.634581133521875	0.824539294523949	2
0.635280776128798	0.786733671013984	2
0.636346977477537	0.571488740760093	2
0.636678113877635	0.451628451607444	2
0.636103598907529	0.430849085495951	2
0.636713814643639	0.711436136677556	2
0.637353865821668	0.740676396222328	2
0.635342139838199	0.721926971903649	2
0.63736510835364	0.626280672997161	2
0.637269628531673	0.605026908200645	2
0.637338828254325	0.590425766721139	2
0.638321181730821	0.536572739391159	2
0.637884076316938	0.423214416398274	2
0.637824043310793	0.810965446211648	2
0.63836840447679	0.682305237775875	2
0.637821510617284	0.662459818508874	2
0.637890710339936	0.647858677029368	2
0.639744841131832	0.767409669157197	2
0.639556193251557	0.748529861644508	2
0.642523901165776	0.475594500816123	2
0.64409520576654	0.517230347870922	2
0.64354735874281	0.497586046255154	2
0.644719750738149	0.482051375734806	2
0.643613127074256	0.831468989064201	2
0.644314485376782	0.793301353782017	2
0.64520005972219	0.574872214017518	2
0.644927921804638	0.554047300953587	2
0.646167073422215	0.454874337992067	2
0.645481519585852	0.437238169117539	2
0.645558093789604	0.704780009048694	2
0.646247442222909	0.733207519993328	2
0.644715556815564	0.714776333896308	2
0.646579336012316	0.631604977545116	2
0.646306769170863	0.61087056742424	2
0.646375968893515	0.596269425944734	2
0.647215295980909	0.539549893069766	2
0.647754134380718	0.425854990710116	2
0.646860898000716	0.816869440730612	2
0.647351275855491	0.684738169905172	2
0.646858079357939	0.668424148323208	2
0.646927279080591	0.653823006843702	2
0.646993905259838	0.639764883022525	2
0.648785627624178	0.772484053364826	2
0.648100242974464	0.754087685980654	2
0.653142545262925	0.520922048226325	2
0.652593649758549	0.501498976026912	2
0.652662849481201	0.486897834547406	2
0.652732049203852	0.4722966930679	2
0.653162466395203	0.796858738248317	2
0.654050124825826	0.57854911975917	2
0.653971353327705	0.558563583679045	2
0.654728022746811	0.456866346371854	2
0.65487087823486	0.441213840924333	2
0.655141648361751	0.736671405738141	2
0.654866946432437	0.71735349932476	2
0.655363926258754	0.621184757490547	2
0.655420544213651	0.600544367488712	2
0.656195774673007	0.54397383617803	2
0.656128967636959	0.431747021796066	2
0.654394431154533	0.817054222962599	2
0.656335625860744	0.688345265937659	2
0.655906657967815	0.671854395732009	2
0.655975857690467	0.657253254252503	2
0.656045057413119	0.642652112772996	2
0.657723400893031	0.77755922393294	2
0.657143102598997	0.758724639296851	2
0.661745200204524	0.519808488202431	2
0.661665676208332	0.499981729215384	2
0.661734875930983	0.485380587735878	2
0.661804075653635	0.470779446256372	2
0.662202857137501	0.795766036388941	2
0.663255210994597	0.59059596372495	2
0.662982186634317	0.569958090076666	2
0.663382915937309	0.554956219294168	2
0.664225085548957	0.456746445120809	2
0.66167158582652	0.440774789653721	2
0.664152291035518	0.748106135666009	2
0.663878351637583	0.728627335131642	2
0.663947551360234	0.714026193652136	2
0.664374988324779	0.632530995651873	2
0.664181229101354	0.612556181164269	2
0.665275939678855	0.540739354036744	2
0.66534659114394	0.69971192527588	2
0.664917491274427	0.68324890212963	2
0.664986690997078	0.668647760650124	2
0.66505589071973	0.654046619170618	2
0.666640545305169	0.771772580610305	2
0.670899098444482	0.519319454755749	2
0.670733699368374	0.499309176539034	2
0.670802899091026	0.484708035059528	2
0.671895159303269	0.468247321503513	2
0.670201762244148	0.785427940122873	2
0.672263442162877	0.602539521310438	2
0.671990732346791	0.581835278837247	2
0.672059932069443	0.567234137357741	2
0.672460661372435	0.552232266575243	2
0.671858623785365	0.46067015926493	2
0.672940970356476	0.746483122574988	2
0.672956668971243	0.725782711821977	2
0.673425368415038	0.644275132218446	2
0.673272185392623	0.624432740836462	2
0.674523337347778	0.540115709683126	2
0.674294163674218	0.711079068528244	2
0.673927752682504	0.694764079117991	2
0.673996952405156	0.680162937638485	2
0.674066152127807	0.66556179615898	2
0.675165209134169	0.76804544160906	2
0.679808099197074	0.514679149813141	2
0.679824026571255	0.493930470823835	2
0.680339945037496	0.478699383108784	2
0.681169794122259	0.612643061581608	2
0.681004425146074	0.59262643228117	2
0.681073624868726	0.578025290801664	2
0.681142824591377	0.563424149322158	2
0.681074768665794	0.47345593139695	2
0.681892976750102	0.752902104575368	2
0.681977796451472	0.735005147586283	2
0.682446495895267	0.653497567982752	2
0.682293941961239	0.633522438950955	2
0.683520664317337	0.548564052186316	2
0.682849496906326	0.531756348237447	2
0.683314323326158	0.720505716061495	2
0.682948308264199	0.704107185473038	2
0.68301750798685	0.689506043993532	2
0.683086707709502	0.674904902514026	2
0.689010568894218	0.509650382002771	2
0.688259307547364	0.491526495334856	2
0.690273034192046	0.622842902040976	2
0.690021549336563	0.602693562180655	2
0.690090749059215	0.588092420701148	2
0.690159948781866	0.573491279221642	2
0.686893836252413	0.480180886261918	2
0.688938373512577	0.744303645855654	2
0.691581143872894	0.662779182990392	2
0.691482406952608	0.642212665939232	2
0.692328321137993	0.556460789021519	2
0.691970007642962	0.539328920274547	2
0.692122609235201	0.526449987686839	2
0.691485552394547	0.728488992876192	2
0.691966004353222	0.714053644781783	2
0.692035204075873	0.699452503302277	2
0.692104403798525	0.684851361822771	2
0.694155088967932	0.51297683663591	2
0.699247807791073	0.623542845647128	2
0.699082137815659	0.603589727183921	2
0.699597792328731	0.588414333587673	2
0.697982305446862	0.574834311442156	2
0.696816657088407	0.67588608976606	2
0.69843760816749	0.652645467761555	2
0.698286626954432	0.641032496123827	2
0.697521026386549	0.550448171907605	2
0.696908923385276	0.714377911250738	2
0.696978123107927	0.699776769771232	2
0.70398616774738	0.612119593823176	2
0.65475156777617	0.508972503617945	2
0.625	0.45321997105644	2
0.620260492040521	0.453256150506512	2
0.591751085383502	0.468740955137482	2
0.607597684515195	0.45844187168355	2
0.623371924746744	0.463410516160154	2
0.631210805595755	0.47607332368548	2
0.645344910757356	0.493777134587554	2
0.646852387843705	0.509032802701399	2
0.656186685962373	0.539495899662325	2
0.659527255185721	0.501302460202605	2
0.664122045344911	0.531801736613603	2
0.665545103714423	0.564869753979739	2
0.665533043897733	0.567414375301495	2
0.696840328027014	0.628244090689821	2
0.688904968644477	0.635938253738543	2
0.668282682103232	0.653907380607815	2
0.666618427399904	0.671731789676797	2
0.666449589966233	0.70735648818138	2
0.666365171249397	0.725168837433671	2
0.672612156295224	0.740388326097443	2
0.666268692715871	0.745525808007718	2
0.67132175590931	0.679329474191992	2
0.67454172696575	0.666582247949831	2
0.685781476121563	0.628328509406657	2
0.67790641582248	0.623299565846599	2
0.67315484804631	0.625880366618427	2
0.67315484804631	0.625880366618427	2
0.67315484804631	0.625880366618427	2
0.67315484804631	0.625880366618427	2
0.671562952243126	0.628437047756874	2
0.666618427399904	0.671731789676797	2
0.676061263868789	0.67929329474192	2
0.650530631934395	0.732923299565847	2
0.637831644958997	0.745742884708152	2
0.628268210323203	0.763627592860588	2
0.664495899662325	0.786251808972504	2
0.636022672455379	0.794102749638205	2
0.634430776652195	0.796659430776652	2
0.610684997588037	0.807018813314038	2
0.585335262904004	0.822479498311626	2
0.509563434635794	0.810335262904004	2
0.504775687409551	0.8205499276411	2
0.496816208393632	0.833333333333333	2
0.49202846116739	0.843547998070429	2
0.518849493487699	0.850976845151954	2
0.50935841775205	0.853593825373854	2
0.471382054992764	0.866606367583213	2
0.445984081041968	0.892245537867824	2
0.53129522431259	0.891594307766522	2
0.591534008683068	0.847877472262422	2
0.604220935841775	0.837602508441872	2
0.626435118186204	0.817076700434153	2
0.607477086348287	0.817221418234443	2
0.593186203569706	0.832597684515195	2
0.578907380607815	0.845429329474192	2
0.499903521466474	0.848576941630487	2
0.48879643029426	0.858839845634346	2
0.487204534491076	0.861396526772793	2
0.444536903039074	0.8642667631452	2
0.501326579835987	0.881644958996623	2
0.528207911239749	0.876350699469368	2
0.59157018813314	0.840243608297154	2
0.609008683068017	0.827387843704776	2
0.615376266280753	0.817161119150989	2
0.667824409068982	0.750602990834539	2
0.677484322238302	0.712361312108056	2
0.691944042450555	0.661360347322721	2
0.669597202122528	0.709876989869754	2
0.66196333815726	0.653955619874578	2
0.641063675832127	0.730451037144235	2
0.610781476121563	0.78666184273999	2
0.590159189580318	0.804630969609262	2
0.526869271587072	0.825470332850941	2
0.501555716353111	0.833297153883261	2
0.533116256632899	0.840689821514713	2
0.479353593825374	0.851278340569223	2
0.515665701881331	0.856090207428847	2
0.599577906415823	0.817281717317897	2
0.567872648335745	0.840424505547515	2
0.563096960926194	0.848094548962856	2
0.55198986975398	0.858357452966715	2
0.563109020742885	0.8455499276411	2
0.564712976362759	0.840448625180897	2
0.510817655571635	0.879027978774723	2
0.44922817173179	0.874409068982151	2
0.447684515195369	0.866787264833574	2
0.425518572117704	0.877134587554269	2
0.422310660877955	0.887337192474674	2
0.455451037144236	0.894717800289436	2
0.466485769416305	0.899722624216112	2
0.491775205016884	0.896985045827303	2
0.559828750602991	0.87102026049204	2
0.585142305836951	0.86319343945972	2
0.60735648818138	0.842667631452002	2
0.627978774722624	0.82469850458273	2
0.639302942595272	0.768632416787265	2
0.629787747226242	0.776338639652677	2
0.586975397973951	0.809744331886155	2
0.583791606367583	0.814857694163049	2
0.553738543174144	0.822720694645441	2
0.522033285094067	0.84586348287506	2
0.583876025084419	0.797045344910757	2
0.571237337192475	0.797141823444284	2
0.615605402797877	0.768813314037627	2
0.626833092136999	0.733104196816208	2
0.63174143753015	0.697443318861553	2
0.645779064158225	0.735504100337675	2
0.639435600578871	0.74064158224795	2
0.650554751567776	0.727834056922335	2
0.688724071394115	0.674107573564882	2
0.682585624698505	0.635986493005306	2
0.663543174143753	0.653943560057887	2
0.679317414375302	0.658912204534491	2
0.669609261939218	0.707332368547998	2
0.62024843222383	0.789134105161601	2
0.642547033285094	0.750795947901592	2
0.695103714423541	0.661336227689339	2
0.679510371442354	0.618198263386396	2
0.669983116256633	0.628449107573565	2
0.687614568258562	0.574879401833092	2
0.679823926676314	0.552038109020743	2
0.64217317896768	0.496345875542692	2
0.640629522431259	0.488724071394115	2
0.606041968162084	0.453364688856729	2
0.613941148094549	0.453304389773275	2
0.63450313555234	0.448058369512783	2
0.648203087313073	0.55736854799807	2
0.660914134105161	0.542004341534009	2
0.651435118186204	0.542076700434153	2
0.649855282199711	0.542088760250844	2
0.638989387361312	0.501459237819585	2
0.639085865894838	0.481102267245538	2
0.632863000482393	0.460793535938254	2
0.631029908345393	0.514242643511819	2
0.662445730824891	0.552170767004341	2
0.67162325132658	0.615713941148095	2
0.672937771345876	0.671683550410034	2
0.685528219971056	0.681765557163531	2
0.663205499276411	0.725192957067053	2
0.637819585142306	0.748287506029908	2
0.652424023154848	0.666751085383502	2
0.665243608297154	0.628485287023637	2
0.667221418234443	0.544500723589001	2
0.646888567293777	0.501398938736131	2
0.643765074770864	0.493789194404245	2
0.645332850940666	0.49632175590931	2
0.666546068499759	0.686999517607332	2
0.672925711529185	0.67422817173179	2
0.605957549445249	0.804510371442354	2
0.605957549445249	0.804510371442354	2
0.582115291847564	0.835226724553787	2
0.605909310178485	0.814688856729378	2
0.474493487698987	0.876760733236855	2
0.433321273516643	0.897431259044862	2
0.488748191027496	0.86901833092137	2
0.523576941630487	0.853485287023637	2
0.588470815243608	0.827544621321756	2
0.637650747708635	0.783912204534491	2
0.651905451037144	0.776169802219006	2
0.660009647853353	0.732850940665702	2
0.66166184273999	0.717571152918476	2
0.687011577424023	0.702110467920887	2
0.664700916546069	0.742993246502653	2
0.669995176073324	0.625904486251809	2
0.649336710082007	0.651507477086348	2
0.665086830680174	0.661565364206464	2
0.658526290400386	0.712506029908345	2
0.652026049204052	0.750723589001447	2
0.68129522431259	0.574927641099855	2
0.65920164013507	0.570007235890014	2
0.653147612156295	0.514073806078148	2
0.643825373854317	0.481066087795466	2
0.640533043897733	0.509081041968162	2
0.65659671972986	0.452978774722624	2
0.61396526772793	0.448215147129764	2
0.631186685962373	0.481162566328992	2
0.635902074288471	0.486215629522431	2
0.65920164013507	0.570007235890014	2
0.670477568740955	0.524119633381573	2
0.676205981669079	0.648757838880849	2
0.679100337674867	0.704715388326097	2
0.683936324167872	0.684322238301978	2
0.664664737095996	0.750627110467921	2
0.663000482392668	0.768451519536903	2
0.629534491075736	0.829775687409551	2
0.626362759286059	0.832344428364689	2
0.550518572117704	0.835467920887603	2
0.523540762180415	0.861119150988905	2
0.533019778099373	0.86104679208876	2
0.480885190545104	0.861444766039556	2
0.493620356970574	0.840991316931983	2
0.495188133140376	0.843523878437048	2
0.481102267245538	0.81564158224795	2
0.484213699951761	0.825795947901592	2
0.484213699951761	0.825795947901592	2
0.490388326097443	0.8562831644959	2
0.447708634828751	0.861698022190062	2
0.422346840328027	0.879703328509407	2
0.431874095513748	0.869452484322238	2
0.427194886637723	0.856765557163531	2
0.455692233478051	0.843825373854317	2
0.439845634346358	0.854124457308249	2
0.442981186685962	0.859189580318379	2
0.439712976362759	0.882115291847564	2
0.460311143270622	0.869235407621804	2
0.447684515195369	0.866787264833574	2
0.463567293777135	0.848854317414375	2
0.466726965750121	0.848830197780994	2
0.452399903521466	0.871840328027014	2
0.428569705740473	0.900012059816691	2
0.422250361794501	0.900060299083454	2
0.458550410033767	0.907416787264834	2
0.458610709117222	0.894693680656054	2
0.485455861070912	0.897033285094066	2
0.480909310178485	0.856355523396044	2
0.482452966714906	0.863977327544621	2
0.514061746261457	0.86119150988905	2
0.496587071876508	0.881681138446696	2
0.513977327544621	0.879003859141341	2
0.525036179450072	0.878919440424505	2
0.536143270622287	0.868656536420646	2
0.534563434635794	0.868668596237337	2
0.570984081041968	0.850578871201158	2
0.586794500723589	0.847913651712494	2
0.612192474674385	0.822274481427882	2
0.667836468885673	0.748058369512783	2
0.624975880366618	0.458309213699952	2
0.632935359382537	0.445525808007718	2
0.63435841775205	0.478593825373854	2
0.637542209358418	0.473480463096961	2
0.643897732754462	0.46579835986493	2
0.656222865412446	0.531862035697057	2
0.659370477568741	0.534382537385432	2
0.660950313555234	0.534370477568741	2
0.668777134587554	0.549577906415822	2
0.651652194886638	0.496273516642547	2
0.654739507959479	0.511517124939701	2
0.659334298118669	0.542016401350699	2
0.662457790641582	0.549626145682586	2
0.671948866377231	0.547009165460685	2
0.680957549445248	0.646177038109021	2
0.68236854799807	0.681789676796913	2
0.683936324167872	0.684322238301978	2
0.67422817173179	0.732742402315485	2
0.65506512301013	0.776145682585625	2
0.696514712976363	0.696948866377231	2
0.680728412928124	0.694524843222383	2
0.677677279305355	0.671647370959961	2
0.66977809937289	0.671707670043415	2
0.623347805113362	0.801833092136999	2
0.648794018330921	0.766015436565364	2
0.645839363241679	0.722780993728895	2
0.663531114327062	0.656488181379643	2
0.66212011577424	0.620875542691751	2
0.67637481910275	0.613133140376266	2
0.653798842257598	0.709997588036662	2
0.601193921852388	0.809635793535938	2
0.610745296671491	0.794295706705258	2
0.658876025084419	0.638712011577424	2
0.660612638687892	0.605619874577906	2
0.674855282199711	0.600422093584178	2
0.672986010612639	0.66150506512301	2
0.644138929088278	0.748239266763145	2
0.628171731789677	0.783984563434636	2
0.555137481910275	0.860877954655089	2
0.542474674384949	0.866063675832127	2
0.4240834539315	0.846611191509889	2
0.441461649782923	0.84647853352629	2
0.518897732754462	0.84079835986493	2
0.556789676796913	0.845598166907863	2
0.582091172214182	0.840315967197298	2
0.496828268210323	0.830788712011577	2
0.490472744814279	0.838470815243608	2
0.582067052580801	0.84540520984081	2
0.563205499276411	0.825192957067053	2
0.594898697539797	0.804594790159189	2
0.617136999517607	0.778979739507959	2
0.636227689339122	0.750844187168355	2
0.658345393150024	0.750675349734684	2
0.676025084418717	0.686927158707188	2
0.691968162083936	0.656271104679209	2
0.67269657501206	0.722575976845152	2
0.690050651230101	0.727532561505065	2
0.696394114809455	0.72239507959479	2
0.672527737578389	0.758200675349735	2
0.632718282682103	0.824662325132658	2
0.64232995658466	0.796599131693198	2
0.679425952725519	0.636010612638688	2
0.669922817173179	0.641172214182344	2
0.665014471780029	0.676833092136999	2
0.687674867342016	0.562156295224313	2
0.672165943077665	0.501205981669079	2
0.646792088760251	0.521755909310178	2
0.637469850458273	0.488748191027496	2
0.629582730342499	0.486263868789194	2
0.62484322238302	0.486300048239267	2
0.632440906898215	0.54985528219971	2
0.63558851905451	0.552375783888085	2
0.658839845634346	0.646345875542692	2
0.674372889532079	0.702206946454414	2
0.67776169802219	0.65383502170767	2
0.677689339122045	0.669102749638205	2
0.663121080559575	0.743005306319344	2
0.591666666666667	0.819886637723106	2
0.473094548962856	0.838603473227207	2
0.443017366136035	0.851555716353111	2
0.433490110950314	0.86180656054028	2
0.419150988904969	0.887361312108056	2
0.422298601061264	0.88988181379643	2
0.434876989869754	0.902508441871683	2
0.514122045344911	0.84846840328027	2
0.482718282682103	0.807995658465991	2
0.480740472744814	0.891980221900627	2
0.529715388326097	0.891606367583213	2
0.566160154365654	0.868427399903521	2
0.599517607332369	0.830004823926676	2
0.560021707670043	0.830306319343946	2
0.547334780511336	0.840581283164496	2
0.648685479980704	0.788917028461167	2
0.632923299565847	0.781403762662807	2
0.571261456825856	0.792052580800772	2
0.503280270139894	0.802749638205499	2
0.514302942595273	0.810299083453931	2
0.542739990352147	0.810082006753497	2
0.51901833092137	0.815352146647371	2
0.504715388326097	0.833273034249879	2
0.488892908827786	0.838482875060299	2
0.602821997105644	0.799445248432224	2
0.667812349252291	0.753147612156295	2
0.672780993728895	0.704763627592861	2
0.679510371442354	0.618198263386396	2
0.636444766039556	0.705041003376749	2
0.692498794018331	0.544307766521949	2
0.640605402797877	0.493813314037627	2
0.626471297636276	0.476109503135552	2
0.612361312108056	0.453316449589966	2
0.656210805595755	0.534406657018813	2
0.657573564881814	0.580197780993729	2
0.657151471297636	0.669259527255186	2
0.623432223830198	0.784020742884708	2
0.610757356488181	0.791751085383502	2
